-1.05 2.39 3.51 2.29 
2.87 2.17 -1.18 -2.33 
0.15 -0.02 1.00 2.04 
-0.10 1.64 -1.46 -3.70 
0.31 -1.53 2.15 0.12 
2.45 2.96 -1.11 -2.66 
-1.22 0.24 3.51 2.88 
1.02 -1.49 2.54 -0.33 
-1.00 0.30 3.14 2.25 
-1.17 -0.64 3.48 1.74 
-0.91 0.45 -0.25 2.02 
-0.88 0.87 3.00 2.96 
0.10 1.92 -1.58 -3.26 
1.13 -1.70 1.86 0.27 
-0.65 1.74 3.60 3.04 
-0.23 -1.63 1.81 0.26 
2.62 1.82 -1.83 -2.97 
-0.94 0.97 3.29 2.88 
0.86 -1.68 2.25 0.55 
-0.40 1.85 -1.18 -3.78 
1.42 3.08 -1.69 -3.11 
-0.82 1.57 3.35 2.43 
2.42 0.87 -1.57 -3.50 
1.58 1.51 -1.79 -2.92 
1.21 1.19 -1.16 -2.82 
1.32 -1.69 2.40 0.08 
1.28 -1.72 2.57 0.15 
1.06 -1.51 1.94 -0.35 
-1.11 -0.35 3.75 2.00 
0.14 2.37 -1.64 -3.15 
1.10 1.88 -1.22 -2.62 
-0.61 -0.64 -1.33 2.12 
1.39 -1.43 2.22 0.27 
3.60 0.98 -1.27 -2.48 
-0.73 0.09 3.05 2.89 
0.01 -1.19 5.01 2.24 
0.29 -1.50 1.88 0.07 
3.79 1.86 -1.13 -2.64 
1.44 -1.56 2.29 0.39 
2.56 1.60 -0.79 -3.73 
1.60 2.35 -1.71 -2.77 
-3.97 1.52 -1.72 -2.62 
-0.61 1.01 3.41 3.36 
-0.57 0.23 2.78 2.14 
1.62 -1.58 1.92 -0.00 
-1.24 2.59 2.70 2.45 
-0.75 -0.02 3.12 4.20 
-0.37 0.94 3.95 2.17 
0.12 -1.64 2.11 -0.19 
0.08 1.47 -1.42 -2.46 
-1.05 2.48 3.04 3.12 
-1.01 1.85 4.00 3.62 
-1.50 -1.26 1.47 2.11 
0.25 2.04 -1.64 -3.31 
-1.02 -1.40 7.45 2.49 
-0.26 1.43 -1.54 -2.55 
-0.55 -0.17 3.21 2.04 
-0.69 1.71 3.49 2.42 
-0.52 0.23 1.72 2.02 
-0.96 1.13 3.54 3.48 
0.82 -1.66 2.18 -0.01 
0.83 -1.70 2.43 -0.01 
-0.88 0.01 3.93 2.71 
0.34 -1.76 2.13 0.07 
-0.96 0.77 3.47 2.63 
-1.12 -0.22 3.59 3.55 
1.83 -1.65 2.45 0.18 
0.02 -0.74 2.89 2.18 
-0.15 2.29 -1.53 -3.48 
1.99 1.43 -1.40 -2.00 
0.58 2.93 -1.09 -3.45 
1.59 2.83 -1.77 -3.32 
0.52 -1.26 0.78 1.59 
-0.94 0.38 2.98 2.59 
0.70 -1.66 2.40 -0.13 
-0.68 -0.05 3.61 2.74 
-0.77 0.03 3.34 4.28 
2.70 1.80 -1.68 -2.77 
-0.54 0.83 -1.42 -2.81 
-0.68 2.41 -1.21 -3.32 
1.90 2.32 -1.66 -2.91 
1.47 -1.63 1.72 0.34 
-1.21 -0.88 3.57 2.06 
-0.98 0.49 3.91 1.71 
2.20 2.34 -1.30 -3.54 
1.91 1.70 -1.58 -3.36 
-1.06 1.02 2.82 2.72 
0.03 -1.48 2.56 0.30 
-0.97 0.17 1.31 2.23 
1.40 1.65 -1.56 -3.18 
0.92 2.01 -1.30 -2.17 
-0.67 -0.08 2.62 2.76 
-0.47 1.34 3.88 2.06 
1.31 1.29 -1.21 -3.60 
-0.87 -0.39 3.32 1.77 
0.56 -1.61 2.08 -0.01 
0.86 -1.69 1.97 -0.25 
3.49 1.80 -1.28 -3.47 
-1.19 0.31 2.73 2.24 
2.27 1.60 -1.32 -2.98 
-0.32 0.67 0.33 2.36 
0.88 -1.75 2.17 -0.32 
-0.41 1.70 -1.50 -3.12 
-0.87 0.19 3.12 3.52 
-0.80 2.51 3.41 2.70 
0.96 -1.66 1.97 0.44 
0.19 0.74 0.88 1.78 
-1.08 2.03 3.51 3.34 
-1.10 0.68 3.90 2.81 
2.10 2.39 -1.26 -3.06 
2.26 2.46 -1.37 -2.78 
-0.13 -1.25 6.34 2.14 
1.09 -1.47 1.78 0.23 
2.50 1.61 -1.28 -3.06 
0.04 -1.60 3.35 2.22 
-1.53 -1.37 5.39 1.70 
-1.00 -1.45 3.48 2.47 
0.69 -1.57 2.31 0.46 
1.77 1.36 -1.14 -3.28 
4.59 1.85 -1.35 -3.46 
1.16 -1.58 2.28 -0.11 
1.23 1.61 -1.47 -3.08 
1.34 1.37 -1.34 -2.63 
-0.62 2.42 -0.37 2.06 
0.11 -0.38 1.48 2.54 
-1.12 1.56 -1.00 -3.10 
3.14 3.38 -1.36 -2.41 
-0.46 -0.09 2.28 2.23 
-0.79 0.27 5.83 1.46 
-1.35 0.00 2.21 1.79 
0.23 -1.42 2.32 -0.14 
-0.34 -0.55 2.91 2.27 
0.21 1.65 -1.30 -2.89 
-1.22 0.50 2.64 2.63 
-0.09 -1.04 -0.33 2.52 
-0.94 0.63 3.33 2.29 
-0.85 -0.29 4.50 2.60 
-0.44 1.96 -1.27 -2.63 
-0.31 -0.30 2.99 2.25 
-0.01 -0.24 -0.34 2.52 
2.41 1.64 -1.23 -3.25 
0.24 2.09 -1.44 -3.11 
2.70 1.60 -1.19 -2.80 
-0.89 1.61 3.85 3.51 
1.24 -1.68 1.68 -0.44 
-0.40 0.08 0.77 2.14 
-0.40 -0.27 1.44 2.51 
1.05 1.41 -1.32 -3.40 
1.93 2.12 -1.59 -2.94 
-0.02 -1.15 2.93 2.01 
-1.52 1.42 3.76 2.11 
0.21 -1.49 2.09 -0.37 
-0.68 0.72 3.18 1.31 
3.01 2.21 -1.37 -3.04 
-0.49 1.96 -1.50 -3.57 
0.20 -0.72 -0.23 2.35 
1.70 -1.67 2.20 0.14 
2.51 2.13 -1.29 -2.77 
-0.69 -0.35 3.03 2.28 
-1.30 1.16 -0.29 2.30 
-0.72 2.93 3.19 3.13 
0.31 -1.66 2.41 -0.04 
0.38 -1.65 2.61 0.59 
2.69 1.46 -1.68 -4.01 
0.10 2.00 -1.47 -2.89 
1.52 0.59 -1.24 -3.00 
-0.70 0.86 3.70 2.94 
1.82 2.19 -1.50 -2.67 
-0.97 -0.80 3.56 2.62 
0.13 -0.44 0.28 2.13 
0.04 1.39 3.42 2.43 
-0.65 -0.61 4.27 2.39 
1.02 -1.67 1.64 0.20 
-0.03 1.81 -1.70 -3.28 
1.37 -1.51 1.90 -0.23 
-1.03 0.48 3.48 3.30 
1.87 2.64 -1.56 -3.20 
-0.90 0.18 3.21 2.00 
4.52 2.66 -1.30 -2.51 
1.14 -1.65 2.04 -0.13 
-1.02 0.46 2.89 2.90 
-0.96 0.22 3.39 2.68 
0.43 1.69 -1.34 -3.52 
-0.48 0.37 3.32 1.98 
-0.90 2.01 3.30 1.13 
1.68 0.92 -1.63 -2.96 
2.63 1.80 -1.64 -2.56 
-0.96 0.67 3.21 1.56 
1.20 -1.71 2.14 0.11 
-0.00 -1.15 4.03 2.43 
-1.18 -0.16 2.88 1.75 
0.11 -0.55 1.89 2.02 
0.84 -1.58 1.19 -0.39 
0.48 -1.56 2.27 -0.00 
0.02 1.19 4.54 1.69 
0.42 2.59 -1.63 -2.31 
0.95 -1.49 2.28 -0.23 
4.28 2.76 -1.34 -2.99 
1.44 2.53 -1.12 -3.24 
-1.55 0.34 -1.25 1.94 