-0.99 1.57 
1.54 2.44 
4.90 -1.34 
-1.98 2.45 
-0.01 -1.79 
1.06 3.26 
4.94 0.56 
-0.56 2.54 
3.86 -0.17 
-1.89 2.63 
2.69 0.28 
-1.20 3.89 
4.35 0.92 
0.46 3.15 
6.69 -0.65 
0.18 2.92 
-1.42 2.85 
3.86 0.50 
1.55 -1.86 
1.46 1.66 
4.76 -0.85 
4.29 1.26 
4.62 0.03 
-0.62 3.70 
-0.80 4.80 
4.15 0.44 
3.43 -1.90 
2.92 -1.28 
-1.28 4.21 
5.25 -0.58 
-4.40 0.79 
-2.68 -7.97 
-1.14 -2.16 
1.18 4.32 
-2.92 1.00 
-3.81 -3.82 
3.94 -0.43 
5.27 0.54 
-0.01 3.93 
4.46 0.18 
-0.79 1.13 
2.92 0.58 
-0.81 2.24 
-0.59 2.82 
3.97 -0.13 
4.99 0.08 
1.17 3.40 
3.33 -0.48 
-2.98 -3.35 
-3.66 -1.29