1.55 0.78 -0.21 
0.53 -0.08 1.59 
-1.00 -1.49 5.40 
0.39 0.97 1.56 
1.00 -0.12 1.17 
-1.23 -1.69 1.86 
-0.36 2.88 0.63 
0.99 1.61 0.60 
-0.29 -0.89 1.08 
1.32 0.54 -0.33 
0.31 0.25 1.08 
1.21 0.26 0.32 
0.48 0.33 0.87 
-2.42 2.36 3.09 
0.62 1.36 0.02 
0.68 0.24 1.34 
1.69 1.48 0.02 
0.49 0.50 -0.19 
-1.22 0.75 3.41 
-1.08 -2.69 2.05 
0.27 -0.25 2.10 
0.05 -2.13 5.62 
0.96 0.70 0.11 
0.63 0.31 2.00 
-1.22 -2.40 6.55 
1.21 -0.04 1.95 
1.97 0.52 -0.19 
1.42 0.40 2.19 
1.38 0.69 0.02 
1.14 2.02 0.44 
1.30 0.05 -0.03 
-1.90 0.30 1.19 
1.09 1.40 -0.33 
-0.60 0.34 2.09 
-0.33 -0.00 0.96 
1.15 1.34 0.46 
1.27 1.33 -0.03 
-0.31 0.53 0.30 
-1.02 2.56 0.68 
0.97 0.77 -0.18 
0.75 0.38 0.82 
1.40 0.95 2.63 
0.18 1.19 -0.02 
-0.33 0.17 0.98 
0.10 0.56 1.93 
-0.27 -0.42 1.85 
0.60 -0.02 1.46 
0.98 0.44 0.90 
0.83 1.70 -0.28 
-0.41 -2.14 0.30 
-0.02 0.94 0.67 
0.27 0.29 1.45 
0.43 -0.26 2.61 
-1.32 -1.65 1.76 
-1.95 2.22 1.36 
-1.85 -0.47 2.46 
1.74 0.28 1.28 
0.17 -0.16 1.63 
-0.56 1.64 1.73 
0.77 0.24 1.40 
0.45 0.81 0.79 
-0.58 0.32 1.71 
0.30 0.10 1.20 
0.95 0.26 1.17 
1.17 2.89 -0.24 
1.57 0.07 1.83 
0.65 0.54 0.43 
1.45 0.65 0.15 
0.24 -0.03 1.27 
0.08 -0.24 1.37 
-0.64 1.77 1.68 
0.78 -0.34 1.00 
0.43 0.06 0.18 
-0.97 2.55 1.76 
0.44 0.53 1.65 
0.65 -0.14 -0.04 
-0.15 1.59 1.94 
-0.65 -2.51 1.52 
0.81 0.35 -0.05 
0.91 -0.05 1.04 
0.00 1.73 0.27 
-1.55 -0.38 1.50 
-0.04 -0.27 2.22 
0.58 0.99 0.14 
0.19 0.51 0.96 
1.28 0.64 1.53 
-0.28 -2.03 3.41 
-0.00 -0.11 3.02 
-1.36 -2.58 5.48 
-0.83 -2.44 0.77 
1.17 1.67 -0.22 
1.55 0.74 0.59 
0.43 0.42 -0.80 
-2.29 -1.49 5.88 
0.50 -0.42 0.91 
0.10 -0.21 1.77 
0.31 0.46 0.15 
0.58 -0.12 1.35 
-0.42 -2.20 4.74 
0.85 1.00 -1.03