-0.55 -7.03 1
3.05 -4.50 1
-8.44 2.59 0
5.28 4.97 2
-1.58 -3.12 1
-9.14 -5.10 1
9.96 -2.89 2
-5.85 2.77 0
-0.75 0.50 0
4.57 4.26 2
-7.79 8.62 2
7.90 2.38 2
-0.26 3.75 2
0.82 -7.37 1
7.76 2.16 2
-9.74 -0.17 0
0.18 -9.74 1
5.66 9.44 2
8.89 -7.64 1
-0.21 -0.52 1
5.51 7.44 2
-8.37 -2.04 0
9.85 6.20 2
-6.49 5.09 1
-0.50 3.88 2
9.47 7.46 2
-5.39 -2.91 1
-6.67 4.20 0
6.62 1.71 2
2.83 -9.25 1
8.87 -9.45 1
-3.29 9.67 2
8.68 6.79 2
-1.26 -7.88 1
2.31 3.19 2
7.82 -8.90 1
-3.51 -5.47 1
3.22 -2.24 1
3.21 -3.41 1
1.90 -8.78 1
-1.12 9.75 2
-0.22 -0.25 1
9.40 -0.38 2
-0.34 -1.51 1
-1.19 -6.87 1
-5.42 -2.50 0
0.40 4.12 2
-2.70 2.61 0
9.63 4.31 2
1.17 7.78 2
-4.82 -4.32 1
-4.87 4.40 2
0.94 -5.58 1
9.42 -5.12 2
5.64 -4.83 1
-2.86 4.08 2
-6.95 -0.60 0
-1.66 3.20 2
-8.61 5.38 0
-1.74 -0.23 0
7.99 -8.76 1
1.93 5.03 2
-1.15 8.24 2
-6.77 6.54 2
4.45 -5.17 1
-7.93 -2.92 0
1.02 -2.35 1
-2.74 -7.76 1
9.88 1.39 2
-7.87 -6.51 1
-2.68 6.12 2
4.25 7.01 2
2.14 7.38 2
-8.76 -6.00 1
8.71 -7.66 1
-9.58 3.30 0
-0.09 3.38 2
1.78 3.51 2
-4.30 -0.50 0
-9.21 8.42 2
-8.72 5.53 0
0.67 -3.17 1
-8.84 -0.78 0
-8.27 6.17 0
-5.00 7.06 2
0.19 7.46 2
4.83 1.31 2
7.72 8.79 2
-6.24 -7.54 1
-0.94 4.25 2
1.55 -5.68 1
-4.39 5.50 2
4.07 1.99 2
9.42 4.75 2
0.13 7.08 2
4.59 -0.91 2
-7.87 -1.03 0
0.47 -0.94 1
4.80 6.19 2
4.89 6.77 2
-9.87 -2.43 0
4.45 3.04 2
6.25 9.66 2
3.73 6.71 2
-7.53 -6.52 1
-4.29 4.71 2
-5.86 1.66 0
1.40 -3.55 1
-3.68 5.27 2
-1.53 -7.39 1
8.08 -1.49 2
5.87 -5.26 1
-4.00 -1.12 0
4.04 0.04 2
-0.95 1.05 0
9.12 2.85 2
5.66 -7.23 1
3.27 3.92 2
-1.89 -6.67 1
-6.71 6.93 2
9.58 6.48 2
4.74 2.19 2
-5.48 -7.16 1
-0.06 7.63 2
4.74 0.00 2
-5.35 -1.57 0
-9.96 2.24 0
0.63 8.29 2
4.97 -3.29 1
-1.13 7.76 2
1.55 -2.23 1
-8.04 -1.91 0
1.17 7.22 2
-7.00 2.55 0
8.77 -5.66 1
-8.54 -2.96 0
-3.02 -8.90 1
2.10 9.14 2
-7.60 -9.63 1
-9.92 4.86 0
4.98 8.82 2
-5.18 6.77 2
-3.26 -6.79 1
-1.23 -9.37 1
6.33 1.56 2
6.92 7.45 2
2.13 0.96 2
-8.33 3.16 0
-3.91 3.47 0
-3.36 6.10 2
-7.40 9.98 2
6.43 -2.86 2
-2.14 -4.05 1
2.39 -6.31 1
6.14 -2.47 2
-0.19 -0.51 1
-5.10 -5.63 1
-9.84 4.53 0
-5.15 5.74 2
-4.49 3.74 0
8.95 1.50 2
-2.96 -6.43 1
3.95 7.70 2
6.14 -1.52 2
9.04 -6.48 1
-9.96 3.30 0
-3.23 -7.17 1
7.99 7.99 2
-6.16 1.15 0
6.75 7.39 2
-5.40 5.51 2
-3.22 -7.07 1
-6.54 9.01 2
-8.67 -2.58 0
8.68 -0.52 2
-8.20 3.09 0
7.04 5.09 2
-7.13 -8.02 1
7.04 8.11 2
-8.29 1.30 0
-3.14 -7.09 1
-2.83 -3.33 1
-7.40 3.79 0
6.63 -8.95 1
2.05 4.32 2
-8.86 -1.67 0
9.86 0.84 2
2.49 -2.98 1
1.02 -0.18 0
-8.10 -8.62 1
-8.77 9.91 2
-1.00 -3.83 1
8.30 2.80 2
2.99 0.53 2
7.62 -4.39 2
-0.13 3.26 2
-5.34 -5.66 1
-8.37 -6.78 1
-1.56 -5.05 1
5.49 -2.57 2
9.57 -5.96 1
-1.89 8.34 2
-7.69 2.61 0
-9.90 -7.88 1
-8.66 4.64 0
8.73 0.37 2
-1.93 6.95 2
3.16 2.87 2
-7.91 -2.92 0
-4.87 8.56 2
-1.79 6.35 2
-2.56 4.44 2
-6.71 0.32 0
-5.72 2.70 0
-4.73 -7.89 1
-8.37 5.51 0
3.14 6.80 2
9.46 -6.90 1
7.66 1.71 2
-8.93 3.27 0
-5.86 0.23 0
9.86 -1.92 2
-8.66 4.67 0
-1.29 7.23 2
3.09 -2.40 1
-7.01 -3.79 1
-6.63 0.52 0
4.76 -7.35 1
-0.81 -6.45 1
-7.31 -5.89 1
1.18 -9.28 1
-0.12 -3.31 1
6.62 -8.43 1
0.14 5.58 2
-3.71 -8.45 1
2.18 -4.44 1
-7.12 -8.41 1
-9.40 2.60 0
6.36 -0.10 2
-6.97 5.89 2
8.26 -6.73 1
4.01 -5.55 1
9.00 1.78 2
-1.62 -5.00 1
-0.51 7.13 2
-7.43 9.24 2
-4.15 4.39 2
-2.84 0.47 0
9.63 9.97 2
-3.94 5.01 2
7.49 6.21 2
2.86 -7.46 1
-3.21 -6.40 1
-6.83 5.39 0
3.83 2.72 2
6.54 -1.26 2
2.40 9.84 2
9.46 -6.78 1
6.15 -4.18 1
-2.66 -3.19 1
-1.86 -3.22 1
4.19 4.87 2
-0.25 6.83 2
5.41 2.30 2
-1.53 3.86 2
-7.94 1.59 0
8.60 6.25 2
-0.63 -5.17 1
1.62 -7.89 1
7.57 8.31 2
3.27 0.52 2
-8.78 7.05 1
8.95 1.54 2
-8.92 -0.39 0
0.12 5.72 2
-4.82 -9.40 1
-2.54 -2.95 1
9.51 -7.96 1
-1.13 -9.96 1
-0.07 -6.72 1
-4.71 5.85 2
3.45 -8.48 1
2.68 -4.68 1
7.05 -2.80 2
3.99 -1.08 2
6.07 3.31 2
-9.11 6.12 0
2.16 5.29 2
-5.54 -9.72 1
0.29 4.55 2
-1.57 -0.64 1
-0.79 -4.10 1
-0.88 -2.39 1
0.41 6.67 2
-7.98 -1.06 0
7.05 3.66 2
6.65 8.69 2
5.95 -7.04 1
-1.43 -2.61 1
3.54 7.36 2
-0.06 7.36 2
-0.35 6.04 2
9.08 0.93 2
-8.29 2.19 0
2.87 -2.05 1
6.65 5.58 2
6.08 -0.85 2
-2.64 -0.87 0
6.79 -8.06 1
-3.36 1.24 0
7.98 5.85 2
-7.44 -1.06 0
-7.74 5.63 0
-3.90 -9.17 1
8.41 2.08 2
-5.40 -6.65 1
6.82 2.75 2
2.48 -1.01 0
-2.04 -5.34 1
-8.89 4.51 0
0.81 -2.67 1
-3.83 7.65 2
-5.48 -4.15 1
-8.64 -2.26 0
4.95 0.26 2
3.32 -6.20 1
-8.19 4.91 0
-8.06 -2.65 0
-1.81 -9.15 1
-7.97 -1.60 0
-5.29 7.14 2
5.32 1.51 2
1.92 -9.83 1
-4.51 -7.67 1
-7.23 -1.01 0
-0.49 -0.93 1
5.34 -0.79 2
-9.83 3.10 0
-4.67 -2.36 1
6.76 -1.75 2
7.86 -4.09 2
-6.67 9.19 2
8.29 -7.75 1
7.49 -3.83 2
3.14 -2.17 1
6.51 -4.96 1
3.89 6.12 2
2.04 -9.89 1
-1.37 2.49 2
0.00 9.93 2
-0.21 4.34 2
7.90 -3.94 2
9.51 2.16 2
-1.59 -1.12 1
8.75 6.30 2
4.86 5.31 2
-9.24 -4.71 0
-7.67 -1.07 0
5.34 7.66 2
-4.20 -5.14 1
-3.75 1.22 0
6.38 -1.23 2
0.87 0.97 2
-4.39 -7.80 1
-1.33 -9.52 1
-1.57 5.13 2
2.98 9.72 2
5.87 0.29 2
9.11 7.36 2
-9.71 4.04 0
1.21 -5.02 1
-2.24 -6.59 1
0.11 6.78 2
-5.10 -9.81 1
4.76 -0.74 2
-8.98 -0.45 0
1.09 -7.51 1
9.99 2.53 2
3.93 -2.99 1
1.16 -9.91 1
-0.19 8.49 2
-6.55 9.39 2
-8.51 6.19 0
-7.06 2.40 0
8.92 0.55 2
0.39 -8.64 1
5.22 0.28 2
2.31 6.22 2
1.27 9.95 2
6.94 -5.05 1
-1.81 5.42 2
-5.40 9.25 2
2.77 6.27 2
-9.00 -4.56 0
7.82 -8.11 1
-8.44 3.01 0
-3.15 -8.79 1
4.89 -7.97 1
0.26 -5.52 1
4.64 -5.68 1
-0.91 -9.61 1
-0.03 3.44 2
-8.67 1.23 0
-2.69 -6.63 1
6.00 -4.88 1
8.49 -2.71 2
-9.68 -5.05 0
3.82 -6.09 1
6.74 1.07 2
-7.52 -8.63 1
-1.89 -3.00 1
-2.88 6.42 2
-8.34 -4.28 0
-5.01 -9.98 1
-4.26 7.75 2
3.36 9.74 2
-3.69 -8.27 1
-6.35 3.81 0
4.98 3.21 2
5.77 -7.84 1
4.99 7.93 2
1.60 5.82 2
6.97 -7.75 1
5.22 -2.63 2
5.14 5.95 2
2.58 -9.42 1
3.91 -9.69 1
-3.83 8.16 2
8.59 -1.20 2
2.93 6.45 2
-0.81 -5.63 1
9.65 -9.86 1
-6.08 0.92 0
-6.91 8.42 2
6.83 2.05 2
-5.65 5.41 2
-1.15 3.14 2
-8.98 8.30 2
7.48 -6.97 1
5.34 -7.42 1
7.26 -4.48 1
-4.34 -4.22 1
-4.53 -2.20 1
-7.65 -2.15 0
-0.54 -7.28 1
-1.32 -5.26 1
6.76 -7.24 1
-5.73 -5.89 1
2.76 -9.95 1
7.59 1.91 2
4.13 -2.20 0
-2.24 2.62 2
6.89 -8.24 1
-7.33 -1.55 0
5.87 -7.47 1
6.93 8.33 2
7.79 3.80 2
3.49 0.76 2
-2.64 -9.88 1
8.58 8.68 2
-2.88 -9.26 1
-0.60 -8.95 1
2.77 -4.47 1
-6.81 -2.26 0
4.03 6.37 2
-9.24 3.34 0
1.50 -6.49 1
5.06 1.80 2
-9.07 -2.65 0
9.19 -9.85 1
-3.15 3.15 2
-8.22 -0.18 0
8.62 -8.44 1
-2.38 -6.58 1
-7.40 -8.47 1
-2.80 -9.52 1
-3.35 -8.13 1
-9.75 -8.62 1
-9.16 -4.10 0
-5.38 -8.25 1
-9.82 3.70 0
-3.63 1.41 0
-1.55 -1.22 1
3.92 -7.65 1
2.80 0.73 2
9.78 9.14 2
4.28 -4.03 1
-9.50 2.41 0
6.75 7.82 2
8.35 2.93 2
0.17 -2.20 1
-3.29 2.18 0
2.65 0.46 2
-4.73 3.77 1
5.78 -9.35 1
-0.85 4.28 2
-5.05 -6.29 1
1.26 -2.04 1
8.25 5.52 2
-0.04 3.12 2
-3.04 -9.51 1
4.29 -5.22 1
5.04 7.82 2
8.42 2.02 2
1.12 9.53 2
0.43 7.40 2
-3.70 -2.47 1
5.98 -7.60 1
-0.88 0.77 0
2.81 -4.50 1
-4.45 8.41 2
-4.09 -5.54 1
-1.12 -4.71 1
8.26 5.07 2
-8.06 1.84 0
-2.40 5.00 2
2.56 2.29 2
-4.46 3.06 0
-7.99 -7.88 1
2.31 1.98 2
-4.29 8.60 2
-2.34 5.61 2
-4.25 6.68 2
6.59 0.64 2
5.36 6.58 2
6.85 -3.16 2
7.28 9.23 2
4.85 0.38 2
9.52 0.87 2
-3.83 -0.05 0
5.12 -0.81 2
7.28 6.94 2
5.67 9.98 2
6.65 7.83 2
2.07 5.44 2
-5.49 -0.68 0
-9.06 3.12 0
-6.43 4.97 0
-2.18 5.35 2
-4.07 -8.69 1
-1.76 -9.05 1
-2.35 9.06 2
4.29 -1.11 2
-0.59 2.71 2
-8.17 -2.14 0
-5.54 7.71 2
7.27 -2.66 2
4.45 -8.66 1
-3.82 -4.41 1
3.95 1.55 2
-2.88 0.87 0
-1.68 5.94 2
4.94 9.32 2
1.45 8.12 2
6.05 -9.13 1
8.30 -0.44 2
-7.55 -6.79 1
2.09 -3.51 1
-9.29 2.89 0
-4.41 3.35 0
-2.16 2.81 2
-2.89 -3.43 1
-4.43 0.24 0
-0.01 9.31 2
3.39 -6.81 1
2.00 2.37 2
7.00 6.29 2
9.41 9.51 2
8.31 8.98 2
-9.69 7.82 2
1.88 4.22 2
7.58 6.01 2
8.51 -0.68 2
-7.29 0.55 0
-6.44 -2.44 0
8.68 -0.39 2
-9.23 6.02 0
0.69 7.37 2
-0.67 -9.13 1
-3.43 7.84 2
0.07 9.26 2
5.93 -2.33 2
9.93 -5.77 0
1.22 -3.57 1
7.61 5.77 2
-8.18 -7.32 1
-3.19 -0.84 0
-7.74 7.77 2
-6.98 7.70 2
6.34 -2.52 2
9.94 -9.09 1
3.51 5.82 2
5.31 3.77 2
-1.11 9.32 2
-9.48 1.93 0
2.29 -7.37 1
-2.44 -9.36 1
-8.74 -3.18 0
-2.76 -2.98 1
-4.00 9.68 2
7.58 -1.43 2
6.59 -8.85 1
-2.75 0.35 0
6.70 6.55 2
-4.65 -2.63 1
2.35 -5.06 1
5.73 9.64 2
8.92 -8.87 1
-8.20 -7.23 1
5.19 5.50 2
6.22 9.10 2
-0.57 8.24 2
8.61 -8.90 1
-0.94 1.82 2
1.85 -7.10 1
-1.33 4.52 2
-4.16 3.09 0
9.95 9.78 2
7.43 2.15 2
-4.39 7.96 2
3.86 0.23 2
5.93 -1.95 2
-4.74 6.94 2
0.38 1.12 2
-5.11 3.34 0
1.02 4.45 2
9.58 0.05 2
4.40 -4.38 1
-7.76 9.77 2
-1.50 -1.97 1
6.72 4.51 2
9.48 -5.14 2
-2.03 0.91 0
-3.43 3.99 2
-9.68 0.80 0
3.15 2.95 2
-9.19 8.03 2
-3.29 0.08 0
-4.82 7.89 2
-8.74 5.54 0
-0.05 -9.37 1
2.12 -5.65 1
-4.44 6.79 2
-5.45 -7.51 1
-7.04 -1.19 0
-4.44 -3.51 1
-1.48 0.73 0
1.31 -2.56 1
1.00 -4.19 1
-8.99 0.68 0
8.03 -9.54 1
-6.95 -5.53 1
9.51 2.14 2
-1.24 2.30 2
-9.42 8.78 2
5.05 -3.18 1
7.67 7.65 2
8.28 -3.83 2
-2.00 2.94 2
8.85 7.77 2
-5.27 2.75 0
-1.74 8.90 2
8.14 -1.16 2
8.62 -1.15 2
6.47 5.28 2
8.49 2.91 2
9.16 5.83 2
8.21 -4.71 0
4.19 -7.26 1
-5.35 -1.88 0
5.90 -8.89 1
-6.01 0.12 0
6.49 -2.65 2
-5.27 9.53 2
-3.81 0.02 0
3.84 -4.80 1
-1.29 -5.15 1
2.36 -5.29 1
-1.50 8.10 2
3.80 -3.69 1
-0.75 7.10 2
-8.11 -2.59 0
-5.22 -1.17 0
-1.59 -2.74 1
2.87 -2.65 1
-6.20 -3.30 1
-7.71 -3.50 0
-3.76 -0.95 0
3.84 -4.20 1
-2.13 -7.49 1
7.41 -5.91 1
0.95 6.83 2
8.75 7.99 2
-8.87 -5.17 1
1.77 -9.23 1
-9.59 -7.34 1
-4.28 0.46 0
7.97 2.04 2
9.62 -4.25 2
3.60 -7.87 1
0.94 3.30 2
-4.71 -0.80 0
0.28 0.46 1
8.23 -0.85 2
-6.13 -0.05 0
-8.02 4.42 0
6.23 6.30 2
0.51 9.25 2
-8.83 -8.65 1
-3.16 -1.88 1
-0.97 -9.44 1
2.78 1.41 2
-4.57 -3.41 1
-6.64 3.37 0
8.68 8.99 2
-2.37 7.03 2
-7.76 -9.21 1
9.22 8.98 2
-5.95 5.37 2
-2.20 5.70 2
-9.77 -6.35 1
0.74 1.56 2
8.12 -5.87 1
5.31 -9.84 1
0.76 0.01 0
8.69 -4.78 2
-2.64 -5.22 1
-0.78 3.23 2
-9.00 9.57 2
7.70 9.96 2
-7.45 0.65 0
-9.72 2.78 0
-3.13 4.59 2
-3.22 -8.11 1
-0.79 -5.42 1
6.38 6.91 2
-0.61 0.92 1
6.23 -9.84 1
9.40 3.38 2
-1.17 -9.83 1
-4.00 4.79 2
3.01 9.65 2
4.85 9.36 2
-9.44 -4.24 0
0.88 9.36 2
-5.34 -6.35 1
8.79 9.25 2
-4.88 -0.78 0
5.30 2.99 2
-4.58 9.98 2
3.07 -7.05 1
-7.20 1.62 0
-8.30 -1.18 0
-5.39 9.55 2
3.46 -0.75 2
-7.79 -2.91 0
9.78 4.42 2
6.90 4.98 2
8.21 -6.56 1
-8.23 0.38 0
8.87 6.73 2
7.69 -1.98 2
-5.35 0.95 0
-7.62 -9.30 1
9.83 -8.67 1
7.02 2.09 2
8.21 4.78 2
-3.01 0.74 0
3.63 6.11 2
-0.06 -8.87 1
-6.56 -0.90 0
-2.28 4.58 2
8.39 4.34 2
-3.18 -8.66 1
1.39 -3.17 1
-3.71 3.40 0
7.26 1.58 2
-3.13 -7.20 1
-6.46 8.39 2
-7.15 -8.23 1
-8.73 -8.86 1
-4.04 1.66 0
-4.52 7.80 2
0.83 9.57 2
9.86 -5.64 2
8.42 4.08 2
-9.14 9.48 2
1.80 5.21 2
-6.52 3.66 0
-2.49 -5.24 1
7.05 0.39 2
-6.15 9.69 2
-3.51 1.74 0
-1.59 -7.67 1
6.36 6.61 2
9.26 2.23 2
-6.54 8.67 2
-5.09 -9.11 1
-0.85 0.52 0
-8.67 9.71 2
-4.89 -7.64 1
-8.15 -9.52 1
9.26 -8.80 1
-1.31 8.42 2
-3.15 -5.55 1
-6.03 8.30 2
5.99 -9.75 1
-7.85 5.62 0
-3.61 6.49 2
-3.89 7.00 2
5.66 9.84 2
-5.50 6.43 2
-1.79 7.08 2
9.45 7.55 2
-1.42 1.81 1
-4.13 3.14 0
-8.59 -6.97 1
-0.61 1.95 2
-8.30 -1.57 0
-8.54 6.05 0
9.43 5.12 2
5.30 4.48 2
6.49 -8.64 1
6.11 -9.90 1
-5.89 -6.07 1
3.76 -6.47 1
-0.17 8.32 2
6.70 -9.39 1
5.94 -8.07 1
-3.87 0.23 0
3.75 4.04 2
-1.86 6.71 2
5.22 3.46 2
-8.54 3.57 0
0.50 8.18 2
8.23 4.20 2
8.19 -0.03 2
6.36 -1.09 2
-6.55 -8.67 1
-6.77 -2.51 0
8.65 2.24 2
2.60 1.83 2
0.86 -0.30 1
9.34 4.15 2
-8.90 -5.66 1
9.88 2.81 2
1.32 5.51 2
0.01 -9.97 1
6.91 -1.64 2
6.57 -6.37 1
4.73 4.91 2
-5.63 8.29 2
9.85 4.79 2
-4.21 -8.91 1
7.63 0.52 2
-3.32 0.51 0
-7.86 -2.32 0
-0.52 8.78 2
-3.34 -9.63 1
-8.07 -6.97 1
7.58 -0.81 2
-1.87 -7.40 1
9.09 -9.56 1
-2.24 6.84 2
-7.13 3.00 0
8.57 0.73 2
4.13 2.49 2
-2.38 4.05 2
3.66 -9.13 1
-2.47 -6.24 1
3.91 4.32 2
-4.68 -0.65 0
6.44 -7.96 1
-6.45 5.69 2
4.33 -3.83 1
9.48 -7.22 1
9.71 4.73 2
-8.54 -9.93 1
7.35 4.53 2
-0.95 7.15 2
4.20 -5.05 1
-8.16 -8.94 1
3.68 -6.91 1
5.79 4.68 2
7.15 -3.83 2
6.84 -1.66 2
3.82 -6.47 1
0.14 6.24 2
-0.67 8.70 2
-4.94 2.41 0
5.71 6.12 2
-5.40 4.96 1
9.79 9.44 2
-6.49 -0.61 0
0.35 -9.11 1
6.71 -8.44 1
6.47 -4.44 1
-2.75 3.68 2
1.29 -5.58 1
-2.11 2.85 2
6.93 6.69 2
4.19 8.06 2
0.49 9.25 2
3.94 -4.48 1
5.22 1.80 2
8.98 3.34 2
-5.45 0.09 0
6.57 4.51 2
-6.67 -4.27 1
1.43 4.81 2
-3.35 -5.32 1
-7.65 -4.05 0
-4.69 -0.03 0
5.33 1.65 2
6.47 5.39 2
6.25 -8.25 1
1.88 5.34 2
2.39 4.48 2
-9.73 1.97 0
9.30 7.19 2
5.30 0.64 2
7.04 1.67 2
-4.03 -8.57 1
-1.84 2.09 1
-3.83 8.85 2
0.49 7.88 2
-1.99 4.01 2
7.70 -9.28 1
3.72 -2.61 1
-3.84 -2.84 1
-2.40 8.53 2
-5.08 2.87 0
-9.66 9.87 2
-2.96 9.66 2
6.20 -0.65 2
-5.23 -0.77 0
7.53 6.38 2
-0.89 -2.89 1
6.76 -7.30 1
6.50 -8.47 1
3.13 3.05 2
8.07 3.26 2
3.88 -4.24 1
-5.62 4.88 2
-2.03 -7.86 1
1.20 0.86 2
6.31 -1.41 2
5.83 -8.81 1
-9.78 -6.25 1
3.20 -1.44 0
-8.88 -9.46 1
-3.88 -3.21 1
-6.47 9.28 2
0.39 -1.57 1
-7.79 1.78 0
6.87 -2.33 2
4.48 6.11 2
-6.93 -6.02 1
8.22 8.62 2
-5.57 4.23 0
-0.17 -7.68 1
-2.46 -3.41 1
-3.58 7.71 2
9.10 -9.30 1
2.57 -8.39 1
9.40 -2.53 2
7.62 9.88 2
4.60 -5.87 1
-9.98 0.03 0
-6.61 -6.14 1
2.19 0.95 2
0.39 -7.26 1
-8.54 -1.18 0
1.47 1.96 2
0.19 -9.46 1
-6.04 -2.26 0
2.26 8.92 2
8.72 7.75 2
-8.58 7.75 2
0.32 -1.16 1
2.47 8.73 2
6.72 -1.70 2
-4.07 7.52 2
0.35 8.26 2
-6.76 1.28 0
-1.22 1.21 0
-9.11 -3.55 0
5.24 -6.32 1
9.21 2.16 2
6.46 4.59 2
4.30 -8.02 1
8.76 -5.19 0
4.70 1.86 2
-4.54 1.45 0
-6.26 4.41 0
4.00 -0.47 2
3.43 5.14 2
-1.25 -5.32 1
-9.09 9.38 2
-4.22 4.80 2
2.44 -8.34 1
4.86 -7.80 1
-5.73 2.33 0
-4.55 -4.99 1
-0.22 -1.65 1
-1.90 6.77 2
7.09 6.85 2
1.79 1.44 2
4.34 3.51 2
3.68 9.73 2
-6.69 -2.44 0
3.99 8.10 2
6.45 -0.23 2
-4.12 1.25 0
7.14 -9.04 1
-2.09 5.63 2
8.58 4.42 2
-5.16 -7.50 1
-7.27 7.71 2
-8.39 6.80 2
-3.20 4.71 2
0.33 7.82 2
-1.39 -4.53 1
6.87 4.09 2
-3.06 -9.40 1
0.27 -9.84 1
-9.11 -3.36 0
-3.11 2.32 0
5.16 -2.99 1
-9.47 -2.87 0
3.29 3.30 2
3.59 6.89 2
-4.77 8.60 2
1.26 -6.61 1
8.39 -8.17 1
7.80 -7.76 1
-7.62 3.41 0
-6.03 -1.12 0
8.33 -0.89 2
-2.53 4.84 2
-0.41 -1.58 1
5.37 -6.25 1
-3.65 0.10 0
6.28 -0.74 2
1.92 6.56 2
-4.91 -2.73 1
-4.15 4.45 2
-1.73 -8.47 1
-2.33 -9.28 1
4.16 -6.87 1
3.77 0.25 2
9.14 -7.68 1
-0.49 4.41 2
8.15 -6.02 1
-1.05 8.01 2
5.89 -3.00 2
-3.70 3.66 2
-4.28 -6.53 1
6.14 -7.74 1
-9.94 9.39 2
-7.93 7.65 2
7.63 -7.89 1
3.52 3.63 2
-0.20 -9.46 1
9.37 -6.75 1
-8.41 3.73 0
-9.60 -6.68 1
4.65 -9.06 1
-4.12 -6.24 1
7.28 0.37 2
-5.72 2.97 0
3.91 3.35 2
4.65 -8.62 1
-7.91 -4.50 1
9.18 0.62 2
-7.28 6.75 2
-7.52 5.97 0
8.04 8.48 2
-3.57 8.69 2
-5.88 2.25 0
8.40 -9.38 1
-0.92 -9.74 1
-3.44 1.16 0
4.02 -9.47 1
8.66 -5.00 2
-8.25 9.75 2
0.54 1.77 2
-0.87 -4.31 1
-0.84 -6.53 1
-5.92 5.91 2
-9.68 0.79 0
-5.41 -9.09 1
9.48 0.16 2
3.67 -8.66 1
9.35 -0.08 2
4.35 2.42 2
-1.38 -3.16 1
1.58 9.86 2
-2.98 -2.63 1
3.41 -8.25 1
-9.14 1.56 0
-2.75 4.45 2
-1.27 7.03 2
-9.67 -9.80 1
3.55 -5.41 1
7.75 -1.21 2
-5.49 7.83 2
-3.52 6.71 2
9.61 -5.14 2
9.10 3.12 2
-1.86 1.78 0
-5.91 -8.56 1
-5.07 -9.17 1
-6.06 -0.60 0
1.60 -1.27 1
5.78 0.99 2
-2.47 -9.81 1
1.99 7.12 2
-6.64 0.21 0
-0.09 6.36 2
2.12 7.28 2
7.90 -4.52 2
-6.49 -7.34 1
9.76 -5.60 2
10.00 1.26 2
-3.06 -9.10 1
7.94 7.11 2
-2.78 2.43 1
4.51 -6.51 1
-6.33 -4.73 1
4.24 5.94 2
6.08 -2.24 2
-9.69 4.22 0
0.70 -7.15 1
9.80 -3.53 2
6.81 -6.20 1
-5.93 2.48 0
0.91 -2.28 1
9.95 -0.78 2
2.30 8.92 2
-1.84 -1.03 1
-1.72 -9.93 1
-5.09 -2.81 1
8.22 -4.58 2
-9.79 3.35 0
3.50 -7.47 1
-8.69 -2.79 0
5.28 -5.23 1
7.80 9.97 2
-1.62 8.76 2
1.33 9.44 2
7.92 -0.93 2
-0.77 1.23 0
0.31 -4.62 1
1.04 -4.31 1
-9.94 -4.19 0
-6.72 8.92 2
9.46 6.51 2
1.77 6.62 2
5.69 8.54 2
-9.10 -5.40 1
-3.85 -0.71 0
-1.75 -1.10 1
-0.19 -2.48 1
-6.26 -9.51 1
7.35 -5.26 1
4.11 -3.56 1
9.36 5.72 2
-3.09 -8.52 1
8.89 6.84 2
3.26 -9.88 1
-6.62 -7.28 1
-5.11 1.13 0
9.79 8.65 2
-2.15 4.08 2
-3.68 9.13 2
2.44 0.58 2
-5.87 -8.48 1
-3.06 1.48 0
-6.46 -2.50 0
-8.51 -3.88 0
0.54 5.28 2
7.47 9.24 2
1.15 -9.80 1
7.77 7.23 2
-5.49 -7.12 1
-6.24 6.27 2
-1.84 0.29 0
-4.08 2.25 0
3.44 -2.48 1
-3.23 4.45 2
-6.76 5.76 2
-6.59 9.52 2
5.51 9.68 2
-2.95 -6.16 1
-6.95 7.79 2
8.42 0.69 2
-6.91 -9.15 1
-6.15 0.17 0
-9.49 -6.47 1
0.29 4.58 2
-9.53 0.72 0
7.56 -8.42 1
7.45 -3.25 2
2.61 -4.50 1
1.08 -6.19 1
0.82 -1.94 1
-0.48 2.12 2
2.05 9.78 2
-0.51 2.23 2
8.47 -5.71 1
6.19 8.52 2
5.11 9.19 2
-3.92 -7.92 1
-5.68 -1.12 0
-9.17 1.36 0
1.08 -2.09 1
1.58 -1.12 1
6.98 6.37 2
-0.61 4.09 2
8.12 2.77 2
9.91 -6.42 1
4.65 -1.90 2
-5.51 -7.93 1
2.29 -4.67 1
0.17 -4.85 1
-3.93 2.16 0
-8.28 -7.02 1
0.94 -7.58 1
-4.80 -1.31 0
3.40 -1.64 1
-7.39 5.58 0
-2.36 -7.73 1
-5.70 0.63 0
-5.24 6.04 2
-7.24 -9.10 1
9.46 9.90 2
3.76 0.00 2
-2.77 4.81 2
-6.39 8.18 2
-4.67 5.73 2
-0.71 4.52 2
6.07 9.92 2
6.18 -0.64 2
-1.56 -9.59 1
-2.84 -4.70 1
9.11 6.71 2
-1.17 -3.39 1
-5.78 -3.93 1
4.61 2.94 2
4.47 -4.23 1
7.82 5.77 2
7.94 8.96 2
-7.21 3.78 0
7.11 5.26 2
7.00 -3.27 2
9.86 0.64 2
-6.82 6.54 2
-2.25 -9.17 1
-3.36 9.05 2
8.93 -2.76 2
0.19 0.13 1
-1.83 5.28 2
-3.32 5.91 2
-8.20 -8.87 1
7.48 -1.63 2
1.57 4.71 2
-5.79 -5.23 1
-1.92 4.61 2
-9.53 2.30 0
-8.08 3.26 0
0.52 -2.29 1
8.45 -0.06 2
-7.18 5.73 1
-6.69 -2.46 0
-0.08 6.78 2
-4.81 -0.74 0
-5.20 -2.39 0
-6.85 -1.01 0
9.23 2.70 2
-9.57 2.48 0
-2.77 5.82 2
9.01 -3.82 2
5.24 5.84 2
-6.34 -3.43 1
1.95 -0.64 1
3.54 0.93 2
8.21 0.90 2
-5.26 -5.16 1
-2.33 7.25 2
3.97 5.15 2
-4.11 9.98 2
-6.38 1.26 0
-0.48 -4.07 1
-0.79 -0.86 1
-3.54 -7.56 1
-7.96 -8.93 1
-7.81 -0.62 0
-4.94 5.24 2
-6.49 -7.08 1
-3.39 6.89 2
0.30 -5.07 1
-3.24 -8.93 1
4.43 -9.33 1
-8.11 1.21 0
-6.97 1.88 0
-5.49 -2.66 0
3.03 2.40 2
-2.52 -6.81 1
-6.45 -1.04 0
4.17 2.44 2
-6.95 -8.80 1
-0.11 0.67 1
-8.11 -6.69 1
2.17 4.09 2
-9.33 -8.44 1
8.29 8.79 2
2.89 7.63 2
7.63 6.27 2
-0.99 -5.36 1
-2.68 7.89 2
-0.92 -2.19 1
9.58 4.80 2
2.30 -7.76 1
7.81 9.40 2
1.81 -8.03 1
2.49 0.95 2
-8.42 -5.45 1
9.02 4.65 2
3.81 3.66 2
6.36 -9.29 1
3.04 -7.46 1
-1.42 7.07 2
6.10 -9.40 1
9.69 -2.65 2
-4.07 -3.26 1
-3.81 4.50 2
-8.32 4.17 0
1.62 -0.56 1
3.69 2.56 2
4.36 -2.13 2
6.60 0.37 2
9.40 -2.26 2
-0.65 0.51 0
-5.66 3.15 0
-0.27 -9.01 1
-4.53 0.57 0
-9.33 -4.40 0
-1.28 -7.48 1
5.86 1.47 2
-5.64 6.26 2
-8.05 -2.17 0
6.72 2.14 2
-9.09 3.80 0
7.58 4.22 2
-3.13 -4.16 1
-1.16 6.71 2
-1.62 -8.68 1
-3.36 -2.15 1
-1.94 0.58 0
-9.53 -7.80 1
9.33 6.47 2
9.10 -8.78 1
2.19 8.10 2
-2.58 2.93 2
-6.84 -2.15 0
1.56 5.30 2
1.90 -6.17 1
0.06 8.79 2
-4.80 -6.89 1
0.04 -1.10 1
-1.16 4.37 2
-3.44 -4.92 1
6.81 -8.43 1
8.45 2.74 2
7.29 -2.24 2
-1.26 6.02 2
6.95 -7.77 1
4.35 4.74 2
-8.47 -6.58 1
9.40 -3.47 2
-6.58 -6.76 1
-7.77 -6.03 1
1.02 -1.56 1
-7.31 1.54 0
-1.70 9.29 2
3.33 -2.75 1
8.53 -3.48 2
5.75 -10.00 1
-9.05 -6.00 1
-8.33 -4.84 1
5.88 -3.88 1
7.27 8.06 2
-0.04 -3.26 1
-1.18 -1.88 1
-8.88 9.55 2
-2.11 -5.53 1
-9.70 8.31 2
5.08 8.26 2
6.04 0.17 2
-7.23 -3.46 0
-2.94 -5.01 1
9.53 -2.28 2
7.74 -0.62 2
-8.90 -0.17 0
2.15 5.38 2
6.69 -0.75 2
3.17 0.65 2
-7.10 9.72 2
5.10 -0.51 2
-7.83 9.58 2
0.43 2.27 2
-1.96 8.09 2
4.55 -5.52 1
-4.96 -8.53 1
-4.32 -3.96 1
7.61 -6.65 1
-8.42 6.68 0
5.05 -0.52 2
3.58 -7.34 1
-3.00 1.19 0
-5.97 3.22 0
4.08 -8.69 1
7.42 0.51 2
-5.11 -6.58 1
8.76 5.35 2
-1.98 -3.70 1
8.77 -6.48 1
-3.59 0.31 0
-5.50 1.19 0
5.46 2.75 2
8.86 0.64 2
-0.15 -0.00 1
7.32 6.68 2
9.65 4.46 2
-4.16 6.57 2
7.07 4.44 2
5.26 -0.08 2
-8.13 -3.41 0
4.27 8.77 2
-4.30 -8.10 1
-4.29 -7.57 1
3.29 -1.07 2
-2.62 -7.88 1
0.70 -4.91 1
7.65 1.06 2
5.41 0.46 2
-1.95 -6.67 1
5.42 0.34 2
9.43 -0.65 2
3.60 -6.43 1
2.85 -8.93 1
1.95 -3.38 1
7.88 -9.02 1
-6.86 6.61 2
-0.76 -3.87 1
-7.26 -9.26 1
-4.72 0.38 0
-3.12 -7.38 1
-7.66 6.43 2
4.62 9.57 2
-6.39 3.51 0
-9.98 0.31 0
6.62 7.78 2
8.50 8.10 2
-3.89 5.59 2
4.36 8.27 2
-7.13 0.63 0
-1.98 -0.93 1
-6.15 1.79 0
-1.78 -9.51 1
0.64 7.82 2
4.97 3.32 2
-1.33 -2.94 1
1.30 -3.83 1
-1.04 -8.23 1
-4.16 4.11 2
-0.24 -2.61 1
-1.19 -0.81 1
0.75 -2.14 1
7.33 -2.21 2
-0.63 -9.45 1
-5.82 -8.45 1
-7.62 -3.09 0
-0.22 0.05 1
-6.24 -2.92 0
-2.90 7.75 2
8.08 -3.36 2
-1.82 6.18 2
-0.19 -4.50 1
-8.00 -7.39 1
-5.47 -6.54 1
6.34 1.35 2
6.09 -8.65 1
-2.61 -6.73 1
-6.38 6.72 2
3.18 4.88 2
-8.37 -1.20 0
9.31 -1.22 2
7.21 8.48 2
9.11 4.23 2
-0.52 6.11 2
-6.18 8.67 2
7.90 2.55 2
3.44 -1.21 2
-3.31 3.64 2
-7.65 6.94 2
-9.76 -0.91 0
-5.14 2.93 0
-1.04 -5.03 1
-1.76 -0.53 1
-4.59 -7.78 1
9.40 -5.36 2
1.13 -8.56 1
-9.18 2.42 0
9.13 2.31 2
9.04 4.62 2
-9.07 -5.47 1
-5.54 -0.68 0
-5.50 6.37 2
-5.67 -4.08 1
-4.72 -6.96 1
8.05 -5.37 1
4.87 -4.83 1
3.74 -2.93 1
0.38 0.82 2
4.64 5.76 2
7.52 1.98 2
1.20 7.48 2
-9.20 5.10 0
-0.25 3.56 2
-2.62 -8.86 1
-3.24 6.98 2
2.44 0.56 2
2.40 -7.34 1
2.98 7.94 2
0.04 -9.85 1
2.30 -6.37 1
-5.83 3.83 0
-5.92 9.20 2
-7.53 6.70 2
-1.05 3.62 2
-5.42 4.30 0
7.70 7.92 2
1.39 -1.42 1
0.74 -0.67 1
5.36 -4.70 1
5.10 -0.10 2
7.79 -7.26 1
-8.15 -9.68 1
-1.82 -7.21 1
-5.85 3.88 0
2.56 -5.68 1
-6.76 -4.74 1
3.56 2.95 2
6.93 -5.26 1
8.34 3.36 2
9.88 -0.77 2
6.21 3.33 2
-8.80 4.47 0
-1.60 8.79 2
5.60 -4.00 1
9.44 -9.05 1
1.75 -9.84 1
1.47 -2.44 1
-6.41 -8.51 1
-9.18 3.38 0
-1.26 7.34 2
9.67 7.46 2
1.82 -2.96 1
4.52 8.62 2
9.95 8.82 2
-1.98 4.95 2
-7.37 -4.93 1
1.16 7.46 2
-1.08 -5.93 1
8.47 -5.70 1
1.12 4.67 2
0.75 -2.76 1
5.93 -0.78 2
-3.10 9.47 2
1.73 -0.23 2
-9.13 -6.27 1
2.67 6.07 2
4.87 -2.60 1
-4.39 9.79 2
-4.91 6.62 2
-7.07 6.55 2
-9.12 -1.71 0
6.92 -5.15 1
3.94 -0.66 2
3.31 9.98 2
2.56 8.81 2
-7.77 3.92 0
-2.76 8.37 2
-7.67 -4.14 1
4.31 -5.77 1
0.98 9.89 2
-0.62 -0.19 1
-6.36 0.18 0
3.72 3.58 2
-5.40 -1.84 0
6.20 3.62 2
5.78 -0.07 2
-1.68 7.02 2
-9.00 7.23 1
-9.90 8.71 2
0.84 4.11 2
-6.13 7.85 2
1.28 -4.13 1
7.63 8.99 2
-1.67 7.92 2
3.82 5.26 2
8.62 -8.74 1
-3.29 -3.53 1
8.07 -2.03 2
8.85 -6.35 1
4.83 2.50 2
0.41 0.96 2
-7.72 8.45 2
-2.51 4.25 2
3.48 -3.73 1
1.97 -4.81 1
9.11 5.74 2
-9.41 8.97 2
-6.61 -0.17 0
9.72 -2.94 2
9.09 -2.91 2
3.65 8.84 2
-7.69 -5.33 1
0.65 0.01 1
-7.24 9.78 2
-8.54 -8.13 1
9.28 -4.34 2
9.86 7.63 2
-8.86 -1.29 0
6.03 3.14 2
5.63 -5.78 1
2.76 5.19 2
-5.78 -4.61 1
9.78 8.57 2
9.65 2.55 2
0.29 -9.25 1
-3.13 3.58 2
-9.11 9.88 2
-1.32 -0.83 1
4.80 7.14 2
7.41 0.37 2
6.61 9.12 2
5.85 5.94 2
-3.58 -4.30 1
2.16 -7.97 1
0.66 4.48 2
6.68 -2.22 2
-2.12 4.48 2
1.50 7.17 2
8.36 8.12 2
-2.25 9.35 2
-1.41 3.65 2
0.03 7.75 2
3.72 -2.19 1
2.71 1.79 2
-5.71 2.61 0
8.40 3.63 2
7.00 -0.63 2
5.59 -2.14 2
3.57 8.23 2
9.32 1.52 2
-3.27 1.88 0
-3.52 -1.45 0
7.58 8.76 2
-4.45 3.84 1
-7.43 -0.18 0
-0.58 4.38 2
-7.26 2.14 0
-1.66 -0.05 0
3.41 0.11 2
9.88 -5.98 2
-9.28 4.14 0
3.73 6.25 2
5.42 3.62 2
-4.07 6.28 2
8.39 4.77 2
0.83 -1.36 1
-6.52 -6.64 1
4.79 -0.33 2
8.66 4.22 2
-5.48 7.04 2
-9.32 8.12 2
-3.76 8.67 2
7.19 6.26 2
-4.21 -0.41 0
-1.10 -3.69 1
-1.18 6.07 2
9.79 3.24 2
-6.40 5.29 1
2.64 -6.60 1
-5.82 -4.73 1
4.59 0.11 2
1.53 -4.66 1
-7.69 6.42 2
0.82 1.09 2
-0.23 -2.99 1
-6.65 0.48 0
8.31 4.15 2
2.31 5.39 2
-3.83 1.87 0
2.08 -9.71 1
-6.51 7.39 2
7.32 -5.36 1
-4.61 2.15 0
4.93 7.69 2
3.01 -1.61 1
5.74 9.75 2
0.33 1.77 2
6.19 -3.45 1
8.23 -0.83 2
-9.32 9.16 2
-6.84 -0.22 0
4.75 -4.59 1
-2.53 -8.18 1
4.67 -9.56 1
-6.98 7.24 2
-1.58 7.44 2
2.34 4.80 2
-8.92 -4.04 0
9.99 -4.00 2
-4.16 -8.49 1
5.12 -3.32 1
5.52 -7.61 1
2.37 -1.22 1
-5.42 -0.43 0
-3.27 -1.93 1
-2.11 -2.85 1
-3.22 1.21 0
-0.94 8.64 2
-9.84 8.07 2
-2.80 5.75 2
3.66 0.28 2
7.09 7.13 2
-1.51 -7.87 1
7.63 4.12 2
5.37 8.92 2
1.15 0.53 2
1.26 -7.82 1
9.43 4.25 2
8.33 6.07 2
0.28 0.32 0
-7.55 -3.65 0
-9.52 -1.49 0
-8.64 -4.83 1
-7.64 9.03 2
-2.18 0.31 0
-3.01 7.60 2
-5.27 8.19 2
9.25 -9.20 1
-6.89 -9.73 1
-4.72 -7.89 1
3.89 8.06 2
5.74 -8.55 1
5.85 -4.20 1
9.53 -7.78 1
-9.00 4.39 0
4.34 -4.98 1
0.09 -1.46 1
7.38 -6.48 1
8.91 -0.81 2
-7.19 5.70 0
3.06 -9.53 1
-8.52 3.89 0
-7.85 -5.13 1
-3.65 1.74 0
7.34 -6.97 1
0.01 4.16 2
2.47 4.92 2
-1.32 -9.24 1
-2.28 1.64 0
-9.58 8.70 2
-5.40 2.43 0
3.81 -0.49 2
-1.36 -5.54 1
-7.92 5.83 0
0.62 6.72 2
7.16 9.51 2
-7.94 3.00 0
-8.82 -4.00 0
-3.19 -2.09 1
-3.63 -0.50 0
6.78 4.80 2
8.84 -1.78 2
-3.05 -5.47 1
6.20 0.03 2
2.62 0.08 2
4.96 4.57 2
9.91 3.75 2
9.17 -9.68 1
-0.37 -9.40 1
-0.88 -7.70 1
-5.79 4.79 1
9.23 7.33 2
4.02 4.79 2
7.99 7.03 2
-8.85 3.01 0
-2.66 -5.87 1
-8.16 -1.67 0
3.05 -9.74 1
2.59 -4.56 1
-7.87 1.98 0
-5.82 8.91 2
5.25 1.28 2
2.35 6.95 2
3.15 -3.71 1
9.65 0.91 2
-4.41 0.81 0
0.32 -2.39 1
-0.77 6.26 2
-6.65 4.90 0
5.00 -4.31 1
8.09 4.25 2
4.50 -4.34 1
-8.51 -1.36 0
-9.73 -1.01 0
-3.71 8.51 2
5.38 9.15 2
5.49 4.50 2
-6.20 -4.96 1
-9.93 -8.65 1
-4.59 4.24 2
-5.53 -3.56 1
2.03 3.53 2
7.71 9.79 2
3.87 6.08 2
-0.83 -1.94 1
9.70 -1.52 2
0.20 6.75 2
9.87 3.38 2
2.23 5.12 2
-5.27 -1.36 0
-4.28 -2.46 1
2.18 -4.92 1
6.27 9.88 2
1.38 -5.36 1
-6.31 -7.92 1
-5.95 -6.71 1
1.92 -9.48 1
-0.01 0.71 1
-7.73 -1.79 0
2.40 -3.94 1
6.74 0.89 2
8.74 4.35 2
9.77 4.17 2
0.48 0.77 0
6.29 -9.69 1
8.13 -9.67 1
-8.33 -4.01 0
9.24 -5.08 2
7.79 2.58 2
6.19 -8.44 1
-9.68 -2.12 0
9.94 -5.17 2
2.02 -1.46 1
1.69 6.15 2
0.62 2.50 2
-4.59 6.86 2
2.02 7.48 2
9.82 7.37 2
-3.61 5.26 2
7.02 -4.99 1
6.92 -3.73 2
-0.99 -6.42 1
-9.49 2.01 0
2.29 -2.48 1
7.22 -9.29 1
-3.55 -4.24 1
-2.42 -5.88 1
-0.82 -9.66 1
-6.74 -5.19 1
-8.91 -8.85 1
6.39 4.13 2
3.15 7.71 2
-3.98 0.67 0
-5.14 1.38 0
-9.23 1.74 0
8.72 6.51 2
-2.41 6.52 2
6.90 7.07 2
-7.38 4.94 0
-7.53 -6.95 1
1.70 -7.44 1
9.32 0.27 2
-4.78 8.35 2
2.53 -3.21 1
4.95 -0.35 2
3.98 -1.21 2
-1.18 -3.18 1
6.92 0.40 2
3.82 8.15 2
7.31 2.60 2
6.77 5.58 2
0.26 8.78 2
8.17 0.91 2
4.97 -2.65 0
-6.73 -6.73 1
4.52 -3.05 1
-0.76 -6.44 1
-4.97 5.27 2
-0.76 -5.51 1
2.53 -3.25 1
5.61 0.99 2
6.89 -0.90 2
1.41 -1.28 1
1.32 9.01 2
-8.04 2.84 0
8.70 -9.18 1
-4.05 1.63 0
-6.48 -3.53 1
-2.61 -3.65 1
3.47 2.86 2
5.28 4.95 2
3.22 4.66 2
4.23 -0.87 2
-8.45 7.44 2
5.52 1.72 2
2.76 -0.90 2
4.60 3.44 2
-4.04 9.82 2
-3.93 6.41 2
3.85 6.52 2
-9.01 -4.88 0
4.45 8.97 2
-3.01 3.75 2
-7.78 -6.55 1
5.89 -8.81 1
8.44 -4.54 0
0.03 5.30 2
-4.28 -6.59 1
5.81 5.31 2
2.38 -0.67 2
-1.00 -1.87 1
-4.32 -3.57 1
7.44 -6.41 1
6.09 7.34 2
5.24 -7.74 1
5.92 -9.39 1
-5.81 6.30 2
-3.46 -2.03 1
-1.79 7.42 2
-5.25 -9.19 1
-3.78 -7.42 1
-9.59 8.86 2
1.08 -9.56 1
-3.02 7.28 2
9.94 -9.05 1
7.36 0.84 2
-5.80 8.24 2
-9.45 -5.84 1
5.74 4.56 2
3.17 -2.59 1
-9.78 -8.11 1
4.79 8.90 2
-2.22 7.09 2
-4.52 7.36 2
7.00 6.00 2
-0.11 -0.02 1
8.87 2.91 2
3.67 -4.85 1
-6.05 -7.63 1
4.40 -6.96 1
8.47 -7.39 1
-7.84 -8.41 1
-7.50 1.62 0
2.96 -9.42 1
7.09 0.45 2
-8.32 2.53 0
-3.59 -8.36 1
-8.95 5.21 0
-4.82 4.83 2
-2.08 -2.03 1
2.67 -3.20 1
-1.34 -8.46 1
-0.11 -1.68 1
-7.89 9.27 2
8.60 -3.43 2
-9.96 6.86 0
-2.24 8.44 2
-7.16 7.02 2
-4.07 -2.46 1
-8.75 -4.36 0
6.61 -4.43 1
-6.37 -2.83 0
7.54 7.54 2
2.70 -2.15 1
4.77 9.27 2
5.82 -2.08 2
7.53 5.79 2
-1.64 6.35 2
-9.03 9.45 2
-8.99 5.03 0
0.42 -2.12 1
-1.13 3.28 2
2.96 3.60 2
-7.34 -1.91 0
-9.96 9.34 2
-9.69 -9.40 1
-1.85 -3.58 1
1.35 5.35 2
3.92 -3.30 1
5.62 -5.15 1
4.41 -6.69 1
-7.10 9.66 2
-6.10 -0.10 0
-9.25 -8.84 1
-5.63 3.84 0
4.14 3.12 2
8.52 4.76 2
2.28 -3.33 1
1.18 -3.31 1
-4.47 3.00 0
-1.91 9.41 2
8.65 8.37 2
-0.81 2.37 2
-4.86 6.53 2
-2.05 -6.39 1
-8.13 5.47 0
-2.41 4.91 2
3.55 7.10 2
0.81 -5.50 1
-8.38 1.37 0
0.26 9.08 2
4.02 -0.45 2
-6.30 -2.02 0
-1.18 -4.67 1
-9.94 -5.77 1
7.34 6.95 2
0.32 -0.78 1
-9.50 -1.18 0
0.70 -8.74 1
5.98 6.62 2
-5.42 -8.68 1
3.00 -3.19 1
4.51 3.94 2
-3.19 -2.12 1
-4.22 5.91 2
5.37 8.94 2
9.09 0.94 2
-2.98 -0.87 0
1.43 -5.51 1
0.09 0.58 1
9.95 2.47 2
6.82 -1.80 2
4.33 2.80 2
-0.84 1.98 2
-9.91 3.19 0
-6.05 -3.19 1
7.80 -1.69 2
-4.57 -1.80 0
4.11 -4.75 1
-9.45 1.50 0
8.94 -5.49 0
8.98 -3.45 2
-6.43 -6.10 1
9.86 -3.90 2
1.45 -9.16 1
-0.27 9.25 2
-4.83 0.88 0
3.61 -5.57 1
7.28 9.23 2
-9.49 -9.37 1
7.12 0.16 2
-3.82 -2.83 1
8.21 -6.12 1
5.67 -0.13 2
-1.11 6.78 2
7.63 -0.59 2
-5.75 8.46 2
-1.97 -7.50 1
3.35 6.63 2
2.80 3.28 2
-2.10 -9.32 1
6.03 -1.40 2
-4.01 3.50 1
8.34 -2.49 2
-8.14 6.88 1
6.80 6.23 2
8.26 5.96 2
-7.53 2.28 0
-6.03 -1.71 0
4.17 -1.43 2
7.51 1.65 2
-7.97 7.39 2
-8.26 8.01 2
-4.59 -0.78 0
7.70 -6.04 1
4.83 4.95 2
6.26 -0.11 2
-6.78 4.84 0
7.31 4.04 2
0.94 -1.82 1
-5.41 -3.22 1
2.63 -6.62 1
-6.87 -5.58 1
3.54 4.96 2
1.34 -4.06 1
7.84 -9.56 1
-0.13 1.03 2
8.29 -4.66 2
3.42 6.21 2
-1.35 7.25 2
3.83 -2.17 1
9.85 -0.70 2
-4.39 -5.21 1
-6.32 5.96 2
-2.05 -5.07 1
0.66 -5.94 1
-0.94 0.88 0
2.72 -5.12 1
1.99 -6.70 1
0.81 -4.11 1
6.67 -4.37 1
1.51 4.96 2
-1.83 1.15 0
1.66 -4.22 1
-6.79 4.36 0
-7.76 -6.49 1
-3.07 3.88 2
4.46 2.26 2
-3.29 1.65 0
3.63 -6.05 1
-5.09 6.86 2
9.10 -7.75 1
-2.09 2.09 0
-5.81 -4.23 1
3.79 -0.80 2
-2.51 3.48 2
9.59 8.10 2
2.14 -7.41 1
-9.03 9.68 2
-9.15 0.37 0
1.14 1.77 2
5.29 2.34 2
5.67 8.30 2
2.13 -6.02 1
5.61 -0.56 2
-3.66 7.13 2
-8.15 7.48 2
-2.21 7.69 2
3.32 -7.88 1
1.78 2.63 2
1.25 7.61 2
3.91 6.25 2
-2.81 -5.59 1
-4.50 -1.57 0
3.41 -1.68 1
-9.20 -9.07 1
-8.82 4.18 0
0.76 2.39 2
9.01 -7.61 1
-2.11 -4.75 1
-4.08 -3.38 1
-7.72 3.75 0
4.82 3.29 2
0.25 7.60 2
-0.16 -6.16 1
9.39 -0.22 2
9.61 -7.57 1
-8.28 -3.77 0
-4.80 1.93 0
1.76 6.30 2
2.12 -1.80 1
4.08 4.22 2
2.09 -5.39 1
4.54 9.16 2
-3.40 6.38 2
8.26 -5.71 1
-7.86 -2.55 0
-1.98 3.68 2
4.42 1.17 2
-2.49 -0.08 0
8.21 -9.26 1
-5.04 -4.81 1
-2.20 -4.72 1
-4.79 -6.37 1
3.84 -7.14 1
0.65 -6.00 1
2.09 3.43 2
-5.30 8.11 2
-8.82 -8.78 1
-4.20 2.79 0
7.94 8.71 2
3.94 -9.21 1
-8.59 -7.33 1
-2.69 -0.16 0
-0.44 -3.78 1
-7.62 -2.31 0
6.29 -9.66 1
-3.08 6.17 2
0.63 -6.42 1
2.80 -2.84 1
-5.13 8.80 2
3.01 9.78 2
3.90 2.61 2
-4.51 -0.76 0
3.96 -5.34 1
-4.53 5.36 2
-3.94 -8.29 1
-2.45 -8.59 1
6.37 4.37 2
8.73 -7.56 1
-5.92 3.35 0
-5.26 6.30 2
5.72 6.28 2
3.09 0.37 2
-5.66 -3.76 1
8.57 -7.83 1
-8.48 -1.08 0
9.46 -6.79 1
0.97 6.39 2
6.11 1.81 2
-6.50 -7.60 1
-2.59 -7.13 1
4.62 -3.15 1
-4.83 0.63 0
8.96 4.91 2
1.83 3.49 2
8.04 -9.73 1
2.37 -0.48 2
-8.71 8.12 2
5.53 -0.16 2
3.89 -3.23 1
3.34 -1.81 1
1.07 -7.49 1
2.69 -8.59 1
6.49 -9.44 1
4.25 4.51 2
7.45 8.84 2
7.26 1.18 2
1.05 5.00 2
5.46 4.03 2
7.47 -8.27 1
8.40 5.11 2
-3.03 5.05 2
0.65 5.50 2
-4.93 5.59 2
4.62 -2.18 2
1.41 -1.98 1
-6.15 -7.71 1
1.88 7.48 2
-9.52 -4.72 0
-1.23 0.78 0
-5.52 7.52 2
2.89 -7.97 1
8.71 7.32 2
2.39 -3.52 1
0.83 -6.88 1
-7.55 4.62 0
9.13 5.04 2
-5.02 8.74 2
9.70 2.01 2
1.79 9.60 2
-6.09 -3.25 1
-5.08 -4.62 1
6.15 8.72 2
3.91 1.01 2
7.75 -6.66 1
-8.77 1.58 0
5.00 4.72 2
-5.57 -9.27 1
6.88 8.69 2
-3.79 2.02 0
0.87 3.23 2
2.36 9.33 2
-5.58 3.88 0
1.30 -9.10 1
3.70 -6.45 1
-1.19 1.09 0
1.52 -2.14 1
6.96 3.41 2
1.72 9.97 2
-3.09 -0.71 0
-1.12 -7.84 1
2.22 -2.23 1
-1.20 5.35 2
1.17 -6.64 1
7.98 2.16 2
-5.35 -8.52 1
-1.78 4.53 2
9.48 3.98 2
6.51 -7.45 1
-3.65 -9.30 1
9.58 -2.50 2
-4.14 7.63 2
7.44 -0.47 2
-3.11 -3.49 1
1.18 -2.52 1
7.31 -3.15 2
-3.77 7.34 2
-1.46 -3.06 1
4.41 -5.92 1
-7.16 7.50 2
-4.45 -8.28 1
-5.08 -1.34 0
2.46 -3.61 1
7.97 9.45 2
-7.88 7.79 2
-1.63 -3.08 1
0.02 6.38 2
2.79 1.91 2
4.84 5.06 2
7.08 7.87 2
-3.88 7.37 2
6.98 -0.16 2
-0.99 -2.96 1
7.46 -8.12 1
6.98 -2.06 2
9.72 2.67 2
-4.16 -1.92 1
-7.51 1.78 0
-9.18 6.11 0
-2.00 1.73 0
-8.22 5.03 0
1.91 -5.21 1
-8.41 4.03 0
1.23 7.67 2
7.15 6.22 2
-5.32 -7.99 1
3.63 8.24 2
-4.39 4.25 2
5.42 9.72 2
-5.66 4.07 0
-4.50 6.30 2
-0.22 -5.79 1
-6.64 -4.64 1
8.53 5.12 2
9.30 -9.36 1
-7.45 -2.47 0
4.32 -6.62 1
2.29 3.05 2
-2.79 -9.32 1
-8.44 7.01 2
8.29 -7.71 1
5.82 4.03 2
8.10 -1.03 2
8.21 -8.87 1
-2.49 -6.16 1
6.46 -9.15 1
-0.13 5.49 2
-3.45 0.78 0
3.21 6.05 2
-6.07 -4.81 1
-2.30 -4.97 1
-4.40 1.25 0
-8.47 -8.60 1
-1.35 -7.83 1
-0.37 0.08 1
0.19 -7.13 1
9.79 -6.59 1
-5.56 1.83 0
6.89 -6.00 1
8.98 0.75 2
-2.51 1.40 0
3.96 -7.24 1
4.15 -8.41 1
-4.24 -0.59 0
-8.25 -4.00 0
-0.46 -3.04 1
6.57 -5.69 1
-5.93 2.99 0
-7.09 -5.62 1
-3.55 -3.80 1
1.68 1.45 2
-5.46 3.90 0
0.99 -1.05 1
0.36 4.74 2
-0.69 -6.45 1
-0.72 7.24 2
-1.27 -1.68 1
-3.82 -1.28 0
7.88 -0.56 2
3.08 -6.16 1
1.86 -5.49 1
-9.95 7.08 0
0.15 3.22 2
-4.44 9.18 2
2.37 -4.96 1
1.59 4.26 2
-3.36 -7.50 1
3.85 1.06 2
-4.57 -6.12 1
8.17 9.69 2
0.00 -5.79 1
0.31 -6.59 1
5.75 9.97 2
8.38 4.05 2
-1.52 9.32 2
4.63 8.90 2
-6.09 -2.74 0
-3.58 -2.38 1
1.64 2.90 2
-5.10 -2.10 0
8.57 4.98 2
4.61 -9.45 1
-3.36 -9.42 1
6.87 -3.61 2
-7.92 -4.30 1
-9.76 -1.77 0
8.08 6.19 2
0.37 -3.54 1
4.53 -7.80 1
-4.05 -9.40 1
-5.13 2.74 0
9.37 6.94 2
9.48 -5.51 2
4.46 8.45 2
1.78 -3.35 1
4.43 4.92 2
4.73 5.06 2
-2.71 -9.57 1
-8.85 8.59 2
-7.85 8.89 2
-1.42 4.47 2
-9.74 -9.07 1
9.14 0.98 2
5.19 -3.20 1
-8.46 -7.38 1
-0.21 2.44 2
2.43 4.69 2
2.91 0.96 2
-7.93 3.41 0
7.07 -0.41 2
8.50 -1.72 2
-7.33 -9.10 1
-1.79 -4.82 1
-6.29 6.12 2
2.01 -9.75 1
-4.33 -1.44 0
-0.20 7.78 2
-3.27 -4.66 1
9.65 -1.66 2
-9.38 -3.09 0
-6.69 7.31 2
1.06 -4.50 1
2.80 -1.35 0
6.07 0.98 2
-6.11 -7.12 1
-3.71 2.54 0
1.98 -3.77 1
5.60 -8.44 1
-7.70 1.73 0
-2.11 -3.53 1
0.04 3.41 2
-3.16 4.27 2
-9.30 5.00 0
8.83 -8.33 1
9.18 8.86 2
4.14 3.22 2
-2.60 -7.44 1
4.05 -6.50 1
4.11 6.65 2
8.81 -5.92 1
-9.05 -4.95 0
-0.59 4.35 2
-0.82 -6.17 1
-5.41 -0.09 0
3.35 3.95 2
4.08 2.14 2
-0.06 -1.49 1
8.46 -1.68 2
1.77 -3.45 1
-2.98 2.77 1
-8.66 5.67 0
6.65 -1.48 2
4.11 -1.00 2
-3.88 2.71 0
1.15 -7.21 1
7.34 4.73 2
6.42 -3.64 1
4.57 0.40 2
7.61 -9.70 1
7.41 0.85 2
-1.98 1.20 0
-2.57 -8.73 1
-0.33 -5.69 1
-4.66 -0.73 0
-8.23 -0.68 0
2.49 7.88 2
0.35 -5.64 1
3.61 -9.10 1
-8.45 -9.39 1
9.57 -4.47 2
-3.74 6.89 2
-8.00 -5.67 1
-8.25 -1.45 0
-7.96 -7.39 1
4.81 9.96 2
-2.73 6.93 2
9.91 -0.74 2
-7.31 5.85 1
0.17 4.41 2
4.91 4.32 2
-3.33 7.94 2
-5.39 7.47 2
-6.65 6.96 2
-7.96 -2.36 0
6.76 2.99 2
4.98 -7.86 1
1.06 -8.55 1
0.50 2.98 2
5.43 -4.41 1
-0.68 8.06 2
-0.39 6.04 2
-8.16 -6.28 1
-0.66 -9.16 1
-7.99 3.49 0
-6.10 -1.53 0
-8.62 3.44 0
4.31 -5.23 1
7.00 0.54 2
2.67 -6.61 1
-5.81 7.27 2
0.55 -0.81 1
-1.96 -6.95 1
-2.56 4.07 2
5.89 0.98 2
-0.61 -4.64 1
-2.89 -2.80 1
-8.21 -1.29 0
6.43 -0.89 2
0.78 -0.91 1
1.89 -1.17 1
3.18 6.32 2
-9.84 -1.41 0
6.07 -5.04 1
-2.14 6.04 2
-5.83 -7.78 1
0.20 -1.05 1
-4.37 -8.02 1
-4.13 1.28 0
4.95 -1.57 2
0.55 -4.24 1
5.57 8.53 2
-9.26 -8.70 1
-5.88 8.76 2
-6.09 8.29 2
3.14 9.03 2
-8.30 -0.78 0
9.90 3.90 2
-1.40 8.01 2
5.30 -0.10 2
0.27 7.21 2
-1.66 -3.56 1
2.69 -0.94 2
-2.54 -3.57 1
3.88 0.83 2
1.05 -1.47 1
7.11 -6.96 1
5.31 -1.36 2
-5.05 -2.34 0
-0.31 5.97 2
-2.08 -4.83 1
3.74 8.49 2
1.26 -0.28 1
-2.63 -8.05 1
-5.01 -1.16 0
-4.37 -7.20 1
-4.91 6.75 2
2.66 6.27 2
6.11 3.78 2
3.78 -7.38 1
2.75 -8.27 1
-2.34 0.22 0
7.55 9.87 2
3.41 9.51 2
-9.86 -8.34 1
3.85 6.01 2
8.71 -9.93 1
1.87 3.18 2
-3.43 9.76 2
-7.27 -9.28 1
-6.97 2.38 0
6.61 -9.15 1
9.56 0.65 2
-6.86 0.93 0
9.91 5.79 2
2.28 9.04 2
5.86 3.84 2
4.51 6.36 2
9.15 6.33 2
7.31 9.39 2
-5.69 -6.98 1
4.50 3.85 2
-2.39 -4.17 1
0.77 -7.67 1
2.30 6.15 2
3.99 7.92 2
2.32 -9.10 1
-4.83 7.46 2
-7.07 6.50 2
7.77 -0.55 2
9.65 4.80 2
-4.16 -5.54 1
4.80 9.72 2
4.18 8.48 2
-5.13 9.70 2
-7.29 3.32 0
-8.78 -3.04 0
-8.33 -7.18 1
1.66 -8.03 1
-4.85 -2.26 0
1.12 -0.83 1
-4.23 -1.47 0
-4.04 8.00 2
5.51 -9.44 1
8.22 2.67 2
-5.56 -6.31 1
3.65 -6.78 1
-7.84 5.02 0
0.76 -9.05 1
-4.81 -8.14 1
6.44 1.82 2
7.64 0.64 2
8.54 3.00 2
-7.98 6.38 1
-0.17 2.74 2
7.65 9.23 2
-7.03 -4.55 1
2.06 7.45 2
-0.98 -7.92 1
-1.32 1.04 0
1.53 -6.14 1
-4.60 -8.58 1
4.33 -8.04 1
-8.36 -6.43 1
-6.27 9.35 2
-0.21 2.92 2
-7.66 -3.76 0
2.50 -6.18 1
3.65 -3.76 1
-3.11 2.71 0
0.83 -8.04 1
9.33 -9.15 1
-4.51 0.72 0
5.84 -5.59 1
-7.42 -5.28 1
-4.52 -1.39 0
3.23 5.57 2
-9.90 6.97 0
3.24 5.12 2
-1.28 9.16 2
-3.38 -5.82 1
-1.61 4.67 2
-5.75 -1.79 0
-7.16 -4.03 1
5.17 7.55 2
-5.64 6.05 2
2.93 9.84 2
-9.79 -1.92 0
0.80 2.54 2
-4.09 -1.72 0
5.91 4.69 2
-5.15 6.63 2
4.80 8.81 2
-4.08 5.21 2
0.49 6.10 2
9.40 -1.37 2
-5.05 1.23 0
4.65 6.95 2
9.51 6.48 2
-7.10 -1.86 0
0.90 9.28 2
-6.67 -6.23 1
0.56 2.18 2
-8.76 9.74 2
1.11 9.54 2
3.37 1.78 2
-4.78 1.55 0
7.47 -5.39 1
-0.47 -7.20 1
-9.44 3.12 0
8.95 0.11 2
3.58 4.12 2
5.18 2.05 2
-1.17 7.98 2
7.43 1.67 2
-8.93 -8.97 1
2.88 2.61 2
3.03 1.31 2
9.98 9.14 2
-8.01 3.52 0
8.32 -9.16 1
5.00 1.60 2
-4.18 -6.10 1
-2.48 -8.04 1
5.66 -7.33 1
-7.38 -5.58 1
-6.18 -2.43 0
-3.97 3.51 1
8.32 -3.84 2
-1.80 1.50 0
5.09 7.57 2
4.82 9.07 2
4.58 1.37 2
4.95 3.92 2
-7.33 6.72 2
-2.39 -1.10 1
0.83 3.84 2
3.42 8.23 2
-0.21 0.82 0
2.37 0.33 2
-5.94 -2.79 0
-5.46 -1.16 0
-4.59 -9.03 1
3.22 2.92 2
7.56 -4.38 2
1.23 4.00 2
-9.45 2.01 0
0.62 -0.33 1
-0.44 8.32 2
4.00 3.97 2
-6.53 1.18 0
2.32 9.38 2
-9.66 -3.84 0
5.51 5.60 2
-6.34 -1.66 0
-1.03 1.58 1
3.99 4.18 2
6.28 2.25 2
-9.17 5.61 0
2.36 -3.18 1
-9.68 -0.92 0
6.71 -3.26 2
-0.07 1.48 2
6.64 0.84 2
4.07 -3.78 1
-8.91 3.72 0
7.80 -5.36 1
2.72 -3.61 1
9.46 9.31 2
-1.65 5.42 2
5.41 2.36 2
3.08 -5.13 1
-7.24 8.84 2
-3.82 5.02 2
-5.33 3.61 0
-4.03 -7.13 1
-3.21 -1.64 1
-4.98 -9.08 1
-7.08 5.08 0
-2.77 -7.52 1
-6.24 1.74 0
3.82 4.92 2
-6.99 6.85 2
6.74 4.93 2
-7.85 -9.80 1
-5.40 4.49 0
-0.70 -0.94 1
-9.79 -1.65 0
3.04 7.66 2
-5.81 7.89 2
7.33 2.55 2
-9.69 -1.17 0
0.82 -5.41 1
6.24 3.98 2
3.44 6.60 2
-1.54 -6.61 1
-5.16 0.80 0
-4.57 -4.94 1
-4.16 1.31 0
-7.86 -4.62 1
1.71 -5.30 1
-1.61 -7.44 1
3.00 -0.91 2
-0.54 -3.00 1
-4.65 -7.71 1
0.67 -9.07 1
-7.30 -2.91 0
2.60 6.48 2
-4.31 -6.94 1
-4.82 -5.44 1
9.06 0.13 2
9.13 -0.84 2
3.15 -1.76 1
9.48 3.41 2
-4.51 -4.54 1
-9.32 4.65 0
4.46 4.54 2
5.47 3.18 2
7.15 -4.82 1
-9.06 7.99 2
-5.28 -9.86 1
-1.97 -3.90 1
-6.49 -9.74 1
-5.10 -3.50 1
-4.48 -1.29 0
-0.70 1.95 2
-1.46 -0.95 1
0.28 -1.00 1
8.80 -8.15 1
-5.22 -7.65 1
7.15 -3.23 2
0.98 1.89 2
9.02 -6.38 1
-3.08 8.23 2
-2.41 9.24 2
-9.87 -4.50 0
0.19 -4.81 1
-7.69 9.24 2
8.25 5.46 2
-8.51 -8.58 1
-6.88 -6.90 1
3.33 -5.40 1
1.56 -0.13 2
-6.94 7.85 2
-5.66 -8.99 1
-0.06 -7.51 1
-0.16 2.35 2
6.12 -8.60 1
6.55 -9.84 1
-0.51 -5.67 1
-0.72 4.90 2
1.02 5.94 2
-3.65 -6.82 1
8.03 -0.76 2
3.84 -1.27 2
4.36 7.31 2
4.20 3.93 2
2.24 -3.88 1
-1.31 -5.24 1
1.18 -0.74 1
8.90 7.87 2
5.65 -6.49 1
-5.71 4.10 0
-4.96 -6.92 1
-0.12 9.95 2
6.91 -0.02 2
-8.97 -4.36 0
-2.03 8.15 2
0.66 -3.59 1
5.54 -0.33 2
8.48 -7.52 1
7.06 -6.92 1
-8.58 1.97 0
4.94 5.43 2
9.72 -8.58 1
9.85 -7.17 1
4.20 8.64 2
-3.19 -2.69 1
-3.21 -6.06 1
5.23 -8.32 1
8.61 7.49 2
6.64 -1.12 2
-2.37 2.85 2
7.23 -8.48 1
-0.20 -5.36 1
8.92 -9.58 1
3.22 2.37 2
-4.49 -1.24 0
-1.21 -8.48 1
-8.84 -3.96 0
-8.48 0.81 0
-7.81 -7.90 1
-1.73 -6.26 1
9.57 -5.87 1
-2.11 0.15 0
-0.22 -0.30 1
7.42 1.84 2
3.76 2.13 2
8.47 -1.80 2
3.58 -6.21 1
-4.33 8.55 2
-5.84 2.32 0
-7.44 -8.63 1
-9.07 -1.97 0
8.50 0.66 2
-3.71 -7.10 1
0.56 7.55 2
4.99 -3.41 1
-0.02 -7.05 1
-8.87 8.09 2
9.69 -9.25 1
-8.92 -6.29 1
2.01 -4.19 1
-5.00 4.23 0
5.96 2.58 2
-2.89 9.15 2
3.21 8.10 2
-6.66 -7.38 1
-4.26 -5.47 1
-7.38 -6.02 1
-0.82 -3.51 1
-4.53 -5.05 1
-6.40 -1.83 0
-3.57 -2.57 1
-9.41 3.65 0
-1.42 8.52 2
4.22 -5.51 1
-3.81 3.61 2
-8.03 0.03 0
2.72 5.65 2
-9.81 -2.55 0
-6.57 6.64 2
0.08 8.27 2
8.55 -6.49 1
4.07 -3.40 1
-3.38 7.05 2
6.70 8.61 2
8.67 -7.72 1
-2.82 6.74 2
6.56 -5.43 1
-3.37 2.02 0
-5.67 3.80 0
4.87 7.79 2
7.30 -1.35 2
9.60 -9.38 1
1.14 8.02 2
-6.06 -2.90 0
7.35 -7.39 1
-2.16 8.81 2
0.70 -3.95 1
-6.85 2.05 0
-0.48 1.90 2
2.80 3.82 2
9.88 0.68 2
-9.77 0.79 0
-8.48 -0.67 0
6.98 -5.49 1
4.91 -5.65 1
-6.42 2.49 0
-3.54 -0.40 0
1.40 2.23 2
-7.93 9.68 2
2.03 3.55 2
-2.05 -9.13 1
-5.48 -7.37 1
-7.98 2.72 0
-9.44 0.98 0
9.19 5.87 2
-6.78 -7.86 1
-0.31 3.82 2
5.47 9.24 2
-9.60 0.17 0
-8.33 8.14 2
6.70 6.40 2
7.10 -7.96 1
-5.83 -9.89 1
8.66 6.36 2
-1.76 8.52 2
3.21 5.21 2
-6.86 8.11 2
-0.88 4.66 2
1.37 7.50 2
1.36 -7.79 1
9.44 -2.18 2
-9.34 6.72 0
6.74 -7.49 1
-6.54 -1.63 0
-9.65 -3.33 0
0.65 4.73 2
-9.41 5.25 0
-9.37 -4.68 0
-0.29 -1.47 1
-5.31 4.70 2
3.97 -8.38 1
-8.02 -0.64 0
-6.06 -7.96 1
-6.66 1.87 0
-9.45 -6.97 1
-6.71 0.30 0
-9.47 8.86 2
-9.68 6.76 0
6.14 -5.57 1
-6.87 7.76 2
1.19 -5.14 1
-5.35 -7.28 1
5.08 -3.30 1
-7.24 9.88 2
-7.37 4.08 0
-0.80 2.79 2
2.37 -3.29 1
0.94 4.27 2
-8.19 5.52 0
-8.09 4.13 0
-5.20 6.59 2
-2.64 2.00 0
-7.10 4.32 0
7.83 7.12 2
0.60 -9.28 1
5.39 -6.53 1
-7.72 9.23 2
0.57 0.28 1
-1.18 5.70 2
5.52 4.27 2
6.93 7.08 2
-6.73 7.32 2
-1.95 6.98 2
4.40 -5.00 1
9.16 4.65 2
4.62 7.51 2
-7.34 -4.92 1
3.83 -2.83 1
3.05 3.83 2