-3.58 8.60 1
4.17 8.31 0
8.37 7.89 0
6.81 4.08 0
7.64 1.84 0
5.37 6.70 0
6.06 9.40 0
1.36 7.87 0
-3.08 -5.30 0
-8.04 -6.31 1
-3.22 -9.70 0
5.35 -4.60 0
8.64 -8.58 0
-4.50 0.52 1
1.79 -4.69 0
3.82 8.27 0
-8.46 3.80 1
2.23 -1.30 0
-7.30 -0.32 1
-8.17 9.07 1
-5.13 7.54 1
4.76 -7.19 0
4.61 -1.20 0
2.70 -3.47 0
-0.15 -3.35 0
4.97 8.72 0
5.35 2.04 0
-8.41 -9.62 0
4.34 -5.61 0
-7.76 -8.18 1
-8.68 1.71 1
-9.32 -6.98 1
3.62 4.34 0
6.14 -4.82 0
5.16 -6.71 0
-2.10 0.30 1
-4.90 -9.96 0
-2.26 2.32 1
-4.23 7.90 1
5.62 -1.28 0
-0.01 -3.24 0
8.70 -5.61 0
5.99 2.98 0
1.08 -8.71 0
-0.38 -6.14 0
-7.86 -3.48 1
-1.59 2.29 1
-4.83 -0.68 1
9.50 1.40 0
4.71 3.08 0
-5.41 1.12 1
1.13 -7.66 0
-1.13 9.26 0
3.68 6.67 0
8.18 -2.16 0
9.94 3.57 0
8.73 2.59 0
8.43 0.55 0
-2.69 -2.24 1
-6.09 -6.95 1
6.17 -8.15 0
-9.65 9.30 1
6.60 0.31 0
-4.82 5.74 1
-2.12 -8.90 0
0.37 7.47 0
-5.84 5.54 1
0.79 -3.07 0
-9.16 -6.99 1
8.21 -8.96 0
4.15 1.01 0
-9.10 2.15 1
-7.05 -5.88 1
-7.52 -8.69 0
9.99 -4.95 0
-8.16 -6.20 1
-8.43 8.83 1
5.83 6.18 0
-1.07 7.38 0
-9.37 -8.05 1
-7.18 -4.32 1
4.23 8.43 0
-6.91 -6.82 1
-7.45 1.34 1
9.59 4.43 0
-5.40 -4.20 1
7.58 1.52 0
8.58 -7.99 0
-8.96 -2.59 1
-0.20 -7.23 0
-9.07 -5.71 1
4.03 5.79 0
-8.40 3.72 1
5.23 -1.45 0
-1.60 -3.46 0
5.40 -4.13 0
2.33 9.72 0
-3.80 1.27 1
-6.73 -5.71 1
6.74 -8.23 0
-7.57 -5.55 1
0.09 3.07 0
-3.14 0.85 1
2.41 6.93 0
-6.04 3.33 1
-7.47 5.80 1
-7.58 -2.39 1
-2.25 -8.75 0
7.52 -1.21 0
-8.28 -7.88 1
-6.71 0.33 1
-5.66 -4.25 1
-8.18 -8.72 1
-9.92 1.84 1
-9.10 7.04 1
-8.51 1.70 1
5.13 -0.81 0
-2.76 8.19 1
2.82 8.38 0
-9.38 -8.54 1
-8.73 -8.78 1
-6.36 3.76 1
6.27 6.55 0
-5.92 3.28 1
8.33 9.65 0
-1.16 -9.03 0
7.65 -6.15 0
-4.81 -2.66 1
2.73 -1.85 0
3.66 -3.26 0
3.22 6.83 0
1.05 5.30 0
-3.26 2.44 1
0.28 -3.77 0
-8.44 -3.07 1
-5.25 0.57 1
2.13 -2.43 0
9.52 -4.70 0
3.02 3.92 0
8.70 -8.29 0
-1.92 0.13 1
9.35 6.54 0
-3.34 2.82 1
5.62 6.02 0
-4.00 8.99 1
-6.20 -1.43 1
0.10 0.59 1
8.92 -4.21 0
-0.61 3.08 1
-3.55 3.48 1
-7.55 3.39 1
9.06 4.30 0
-8.60 9.78 1
-2.44 -7.93 0
-3.96 0.64 1
-2.46 -6.01 0
8.15 2.27 0
-0.93 -8.38 0
7.08 -3.34 0
5.14 3.89 0
0.62 9.55 0
-3.42 6.22 1
0.72 6.14 0
6.15 8.83 0
-6.97 7.54 1
2.38 4.01 0
-9.03 -5.77 1
-4.93 -2.61 1
-9.40 4.77 1
-1.24 1.49 1
-9.23 7.50 1
7.54 -8.93 0
-5.47 1.23 1
5.75 -0.60 0
2.62 6.54 0
2.12 -8.05 0
7.18 3.86 0
-7.66 -9.90 0
-4.73 -3.53 1
4.52 -9.10 0
-4.73 7.21 1
5.38 1.09 0
6.68 -3.91 0
0.98 -6.15 0
4.02 -7.30 0
-4.68 4.51 1
-1.22 -7.99 0
-7.62 8.30 1
0.11 5.26 0
2.88 7.40 0
-5.64 8.47 1
5.72 -2.81 0
6.39 -9.57 0
-4.21 2.40 1
-8.46 9.07 1
4.76 -7.36 0
-3.91 0.91 1
9.85 3.77 0
-3.94 -8.65 0
6.18 6.69 0
-0.33 5.71 0
-6.73 -1.62 1
-2.99 0.23 1
-6.84 1.26 1
1.97 0.61 0
-1.43 6.53 0
-3.79 -8.66 0
2.92 4.73 0
-7.37 3.40 1
-8.87 -7.67 1
6.65 0.26 0
9.81 7.30 0
-2.28 2.33 1
8.58 8.32 0
0.49 -1.31 0
-9.31 -7.56 1
5.42 -8.47 0
-10.00 4.35 1
-8.08 3.55 1
4.18 6.67 0
3.64 -8.48 0
-0.62 -4.91 0
5.23 10.00 0
0.41 -5.04 0
-7.54 -1.23 1
-7.85 6.39 1
3.65 4.46 0
2.98 -5.94 0
-0.66 -7.53 0
-0.89 4.81 0
-0.89 -1.34 1
9.66 0.86 0
9.93 -7.78 0
6.94 0.47 0
8.58 -9.47 0
3.62 -1.74 0
-7.59 5.09 1
-0.80 -2.25 0
7.12 3.33 0
-8.34 5.67 1
-1.82 5.59 1
7.27 -6.38 0
-6.77 -1.42 1
-8.75 6.44 1
6.92 -2.96 0
5.11 8.51 0
6.77 4.22 0
-7.17 9.54 1
8.77 7.85 0
7.08 -0.65 0
4.95 3.71 0
9.27 7.68 0
1.62 1.28 0
-6.96 9.56 1
6.60 -2.71 0
8.81 -0.86 0
6.37 2.14 0
9.73 -4.14 0
0.35 -8.76 0
-6.58 5.65 1
7.99 8.98 0
2.67 -3.49 0
-3.09 -3.65 1
9.02 3.52 0
-4.61 5.21 1
-2.38 -9.13 0
-9.08 1.44 1
-0.72 -9.67 0
-2.07 7.84 0
-4.08 4.98 1
2.80 -6.98 0
-0.30 -5.68 0
1.39 -2.88 0
-7.39 3.00 1
-4.09 -2.80 1
-6.60 -1.00 1
-8.61 -4.18 1
-8.30 9.13 1
9.46 4.61 0
-4.45 -0.07 1
-2.80 -8.54 0
-2.43 9.96 0
-7.46 4.66 1
-2.15 -3.74 0
-6.40 0.23 1
6.72 -8.16 0
9.70 -0.13 0
9.79 3.94 0
3.93 -4.15 0
8.95 -6.79 0
-6.60 -3.42 1
-1.64 3.26 1
-7.86 -7.81 1
-7.75 -3.52 1
3.79 -7.33 0
-7.22 -2.38 1
-3.41 -7.12 0
-9.70 9.38 1
1.18 8.75 0
5.94 6.05 0
3.78 6.57 0
-3.01 -9.61 0
1.54 -6.52 0
9.18 -3.38 0
4.59 -8.56 0
-3.13 -1.76 1
-9.41 -0.79 1
2.02 -6.95 0
1.11 -2.78 0
5.86 9.94 0
-3.38 8.89 1
3.55 -8.22 0
-3.04 -1.52 1
1.19 -2.59 0
7.65 0.35 0
-2.93 -8.29 0
8.83 -2.38 0
4.85 -2.73 0
3.21 -1.15 0
4.57 4.03 0
2.33 1.03 0
9.65 -6.37 0
-3.86 -6.03 0
-7.17 -5.78 1
-0.08 -3.02 0
1.91 -1.34 0
4.86 1.93 0
-2.34 -6.43 0
-6.26 8.78 1
0.18 0.68 1
1.40 -0.84 0
-2.05 2.51 1
1.53 1.65 0
-6.20 -5.48 1
5.66 -1.60 0
-3.79 -7.00 0
8.09 6.92 0
-9.19 -6.01 1
1.32 3.09 0
7.21 2.21 0
0.63 -8.05 0
8.99 -8.92 0
-6.38 1.24 1
1.30 -5.23 0
-9.51 9.44 1
9.41 -8.16 0
-5.34 4.74 1
-5.76 -4.09 1
-0.56 4.43 0
-3.43 3.61 1
6.35 5.04 0
-0.10 2.65 1
-6.73 2.80 1
-5.75 -6.75 0
-3.39 1.44 1
7.76 5.44 0
-9.40 9.45 1
-8.81 1.42 1
9.03 2.71 0
-8.38 -2.62 1
-0.15 9.98 0
-4.21 2.41 1
-8.40 8.36 1
1.30 -6.61 0
2.15 -5.82 0
3.98 4.40 0
-5.40 0.24 1
-6.05 6.51 1
3.28 4.94 0
9.31 9.91 0
-6.59 0.87 1
6.51 -6.30 0
2.23 1.04 0
9.52 1.21 0
-3.77 -0.83 1
-3.91 8.27 1
9.62 7.45 0
8.64 0.44 0
2.50 9.80 0
-0.12 1.39 1
-6.43 -8.54 0
-1.21 -0.82 1
2.05 -2.91 0
-8.84 -0.31 1
-3.93 8.36 1
-9.12 -2.72 1
-9.33 -0.44 1
-6.90 -8.49 0
7.75 5.05 0
8.20 -4.25 0
2.20 -4.02 0
-2.94 -1.21 1
-6.19 -4.84 1
2.20 -6.67 0
2.90 -0.82 0
-3.16 -2.88 1
9.20 4.18 0
-5.46 1.66 1
-1.95 8.38 0
-4.23 -9.05 0
5.70 8.06 0
-5.49 -1.22 1
6.56 -3.75 0
8.06 -3.49 0
-0.99 -6.07 0
6.04 5.66 0
3.75 -8.40 0
1.18 9.41 0
8.64 -3.67 0
3.33 -4.46 0
-2.23 3.74 1
-9.11 -0.51 1
8.45 7.47 0
-0.62 -9.03 0
-9.95 -0.36 1
5.46 -0.11 0
-9.18 5.15 1
-3.51 8.14 1
-4.86 9.66 1
0.96 2.85 0
-7.71 6.75 1
-7.23 -6.66 1
0.36 3.16 0
-6.09 -0.64 1
-6.40 2.78 1
4.03 1.39 0
-9.34 -0.29 1
3.30 4.96 0
-8.10 8.68 1
4.97 -9.31 0
9.06 7.22 0
-1.67 -1.00 1
8.25 -1.88 0
-1.05 -5.34 0
7.99 2.73 0
-6.31 9.54 1
-1.95 6.61 1
-9.59 -5.50 1
-7.87 -2.99 1
-1.05 1.23 1
-2.55 -1.32 1
-0.91 2.77 1
-2.13 9.08 0
-6.37 8.46 1
3.58 -2.72 0
0.27 -7.21 0
0.01 1.38 1
4.82 0.89 0
-8.51 -1.05 1
-0.03 -6.47 0
0.92 -8.06 0
8.69 -6.16 0
-4.28 3.10 1
-0.42 -5.31 0
2.70 4.32 0
2.75 0.63 0
9.31 9.15 0
8.66 -8.08 0
7.60 1.44 0
0.47 9.19 0
-1.73 -0.16 1
-9.60 6.73 1
-2.81 -5.69 0
4.75 -9.67 0
-5.73 -5.64 1
8.67 0.98 0
5.57 1.69 0
2.09 9.68 0
-6.50 -0.26 1
-9.10 -9.26 1
7.12 1.59 0
3.98 0.79 0
-5.34 -5.95 1
5.85 9.18 0
4.13 0.78 0
7.12 1.59 0
-6.20 -0.05 1
0.54 -6.63 0
4.66 -6.76 0
9.24 1.43 0
-0.94 -8.01 0
5.30 -5.38 0
6.11 3.55 0
2.05 -9.05 0
-6.86 6.41 1
1.27 -2.70 0
4.78 -3.73 0
7.97 -7.78 0
-3.63 6.59 1
9.33 -4.28 0
-3.07 -2.66 1
-7.66 -8.83 0
8.29 3.12 0
4.70 4.03 0
1.64 -1.53 0
7.72 -0.26 0
-9.35 -8.42 1
6.36 -1.34 0
0.91 0.60 1
-8.12 -0.03 1
-0.27 -3.21 0
-4.70 -1.65 1
-2.65 -2.71 1
6.21 7.31 0
0.75 -2.92 0
0.93 -8.66 0
-5.10 4.38 1
6.07 -4.63 0
2.46 6.83 0
-0.38 4.47 0
-7.06 6.48 1
-0.14 9.40 0
-5.36 1.13 1
-5.35 -5.85 1
9.15 -3.26 0
-1.67 0.82 1
-3.54 -9.17 0
-8.43 3.71 1
-8.37 -9.32 1
0.83 -0.01 1
8.59 1.56 0
8.23 -2.82 0
5.46 0.04 0
-9.83 9.49 1
6.95 -4.65 0
3.60 3.93 0
4.34 -2.07 0
-7.40 5.26 1
1.01 -1.81 0
-5.55 -5.74 1
2.54 -8.95 0
4.77 -2.28 0
4.44 2.15 0
-5.95 -9.49 0
7.50 0.04 0
-5.95 -9.69 0
-8.83 -4.44 1
-7.81 3.50 1
-1.27 -5.89 0
4.09 -2.46 0
-5.47 -0.24 1
0.36 9.07 0
3.06 -9.19 0
2.07 -9.98 0
-7.39 -4.07 1
-8.48 4.54 1
1.92 -2.97 0
9.45 -1.57 0
7.46 -9.49 0
8.41 9.72 0
-9.16 -7.78 1
2.67 -5.89 0
-8.68 -7.25 1
-0.31 2.42 1
-3.28 -0.09 1
-4.34 8.12 1
-2.54 2.87 1
7.85 3.03 0
3.11 -1.56 0
0.60 -3.68 0
-1.25 -5.57 0
-1.73 8.12 0
-1.02 6.96 0
8.68 2.62 0
1.80 -0.75 0
3.38 -2.36 0
-8.59 7.79 1
-2.48 -2.33 1
9.46 8.63 0
1.18 5.68 0
7.46 -8.96 0
-3.24 -4.70 0
9.71 9.15 0
-7.84 9.42 1
-4.29 -7.44 0
8.65 -6.06 0
-6.30 -3.20 1
3.84 -3.97 0
2.88 1.24 0
5.10 -4.77 0
-9.03 -2.28 1
-2.91 -7.59 0
5.77 -3.32 0
7.96 -2.74 0
-5.40 9.24 1
-6.75 7.40 1
4.15 3.24 0
4.07 4.50 0
-5.69 -0.32 1
6.30 1.30 0
4.75 -8.60 0
-8.16 1.84 1
0.24 -9.58 0
9.17 2.43 0
-8.09 2.65 1
0.87 4.87 0
5.55 8.71 0
8.42 -4.46 0
5.19 -1.30 0
-8.67 3.84 1
0.41 4.84 0
6.24 -8.17 0
9.34 1.17 0
4.78 3.37 0
-4.43 -7.89 0
-5.90 -4.79 1
7.13 -7.26 0
2.87 5.37 0
-1.81 -6.88 0
7.14 4.82 0
-9.81 -4.29 1
-4.12 7.21 1
7.94 0.94 0
-6.64 -1.63 1
8.57 9.11 0
7.46 -7.34 0
6.24 8.61 0
-3.18 6.08 1
4.11 -9.71 0
7.32 -2.32 0
-3.57 5.55 1
-0.95 -9.83 0
-1.79 -8.02 0
8.52 -1.65 0
-2.07 4.34 1
7.64 9.39 0
9.27 -9.03 0
-8.97 -6.68 1
2.16 6.44 0
6.32 -6.42 0
0.35 9.21 0
-1.92 -2.10 1
3.15 0.33 0
5.61 -2.08 0
2.19 -6.42 0
-2.92 -7.84 0
0.68 -9.43 0
-1.90 -8.32 0
2.22 5.22 0
1.63 -9.79 0
-1.04 1.36 1
7.65 1.17 0
-5.15 -5.64 1
-3.61 3.09 1
8.63 3.03 0
6.54 -8.27 0
-6.59 1.89 1
-8.64 -7.71 1
4.96 -4.93 0
-0.23 -1.50 0
9.13 -6.53 0
-2.87 -3.57 1
0.30 4.12 0
0.58 0.72 1
7.67 -2.73 0
-1.96 -1.86 1
-6.56 0.49 1
6.40 -0.65 0
-1.60 1.45 1
4.47 3.58 0
3.93 1.77 0
9.39 2.73 0
-3.04 -7.80 0
-8.68 -8.26 1
4.28 -3.09 0
0.59 -9.90 0
6.48 -1.45 0
-6.04 -4.15 1
7.72 9.44 0
-8.02 7.76 1
7.73 -5.19 0
-1.41 4.18 1
-5.32 3.23 1
5.40 -2.48 0
-6.19 -3.15 1
8.39 -7.59 0
5.66 -0.65 0
2.71 2.35 0
9.51 -7.07 0
-7.65 4.96 1
-6.46 -2.41 1
-3.90 -1.08 1
0.93 -4.55 0
8.17 7.40 0
-6.90 1.06 1
2.85 -8.25 0
5.70 4.37 0
-3.91 -2.63 1
-9.28 7.48 1
-6.42 8.91 1
-0.88 -1.58 1
5.18 6.14 0
2.12 -4.42 0
8.20 3.75 0
-3.29 -4.87 0
-1.32 8.11 0
-8.99 0.22 1
-1.35 -7.21 0
-1.52 5.66 1
-9.78 0.56 1
6.62 -5.30 0
2.63 4.16 0
5.34 -4.56 0
7.29 0.91 0
2.86 3.76 0
-2.61 -3.36 1
3.10 6.69 0
3.91 -6.34 0
7.19 -4.17 0
7.74 -6.06 0
-5.67 3.74 1
8.82 4.42 0
-8.11 7.99 1
7.53 3.96 0
3.60 7.30 0
1.13 3.20 0
5.78 2.21 0
-1.52 -2.06 1
6.35 8.53 0
9.84 4.21 0
9.18 -3.66 0
-4.16 9.03 1
-3.06 -0.89 1
-1.01 -5.48 0
0.07 -1.56 0
-5.25 -4.69 1
-3.89 -1.88 1
5.06 8.82 0
4.28 -2.17 0
-3.46 -3.16 1
3.40 1.98 0
-1.75 -7.55 0
7.67 -8.47 0
-0.87 1.54 1
4.77 8.24 0
4.28 0.10 0
-6.93 9.48 1
0.68 -0.25 1
-9.07 9.38 1
8.35 2.39 0
-9.95 7.18 1
-9.49 -7.86 1
6.69 -2.40 0
7.92 -2.44 0
-9.75 -0.88 1
6.62 0.73 0
-3.26 6.58 1
5.90 -9.43 0
6.25 -8.37 0
3.78 -2.07 0
-1.67 1.29 1
1.00 6.93 0
-3.22 -1.40 1
1.44 -6.81 0
-3.90 -8.22 0
-3.31 -6.63 0
6.33 8.70 0
5.55 2.08 0
-0.47 -7.91 0
-4.34 2.84 1
-8.12 -2.62 1
3.43 7.61 0
8.47 -9.89 0
-8.81 5.85 1
-5.35 2.44 1
-4.13 8.60 1
-3.05 -0.35 1
-7.78 -4.34 1
-0.04 6.49 0
-4.45 -5.37 1
-9.12 -9.50 1
3.66 -0.61 0
-7.20 -5.05 1
5.96 -7.32 0
-0.16 -2.38 0
8.71 -7.55 0
2.25 2.95 0
-0.06 -5.10 0
8.53 -4.51 0
4.66 -1.53 0
-7.55 9.80 1
1.97 2.52 0
-1.93 8.56 0
8.97 2.06 0
3.18 4.48 0
3.42 5.53 0
-7.25 -6.11 1
-2.86 6.60 1
7.81 -9.35 0
4.76 2.88 0
-7.58 -3.10 1
-0.82 -5.61 0
1.56 4.69 0
4.04 -6.84 0
-3.88 6.37 1
6.05 -8.61 0
-2.03 5.40 1
-4.35 -9.78 0
7.12 -0.38 0
3.04 3.78 0
-3.52 -1.37 1
8.58 3.76 0
-5.06 -6.12 0
-8.57 -1.26 1
8.95 5.68 0
-1.75 9.52 0
-5.34 4.93 1
5.30 6.52 0
-1.94 8.69 0
-8.86 -1.09 1
8.89 -1.01 0
-4.98 6.22 1
5.53 -8.28 0
6.27 2.72 0
2.89 8.82 0
-6.03 2.51 1
-7.12 0.95 1
2.72 8.89 0
8.05 -9.82 0
-9.56 5.52 1
2.85 -7.40 0
7.34 -1.18 0
-5.64 -0.51 1
-9.08 -8.87 1
-5.81 1.91 1
1.76 -7.69 0
-2.94 -1.09 1
6.83 4.11 0
7.77 -8.04 0
-7.14 -4.41 1
7.95 -0.34 0
1.04 -8.90 0
6.94 5.57 0
-4.18 -7.58 0
6.71 -0.31 0
-4.01 -4.01 1
-0.02 9.02 0
3.90 2.93 0
-7.28 -3.22 1
9.95 -5.35 0
-2.47 0.94 1
4.13 0.01 0
2.62 2.93 0
-6.88 -8.39 0
2.92 5.02 0
2.99 -2.09 0
4.09 -8.84 0
0.19 5.69 0
-1.70 9.93 0
-8.74 -6.97 1
1.29 -9.22 0
0.98 -3.07 0
-5.60 5.07 1
2.12 1.39 0
-7.79 -8.06 1
-4.11 -7.78 0
-3.13 5.62 1
1.77 2.80 0
3.43 5.81 0
7.62 -8.41 0
7.07 5.38 0
-3.44 6.32 1
-7.32 -9.01 0
6.04 2.82 0
0.17 0.97 1
5.88 -3.14 0
-5.51 2.59 1
7.61 -3.75 0
8.56 -4.14 0
-5.14 7.66 1
9.47 4.66 0
-3.78 -2.67 1
3.27 -2.20 0
6.14 8.45 0
2.47 -7.84 0
-3.18 -0.93 1
-8.52 8.11 1
-5.29 3.97 1
0.12 -6.53 0
-1.16 1.61 1
-7.06 6.33 1
-4.88 2.71 1
3.05 9.38 0
-9.36 -8.69 1
3.10 -1.14 0
-5.02 0.61 1
-6.76 9.68 1
-8.06 -3.52 1
-3.96 4.97 1
-5.84 9.41 1
1.91 -6.78 0
-4.23 2.11 1
4.86 -1.26 0
-6.38 4.58 1
8.23 2.69 0
-3.54 -9.18 0
2.63 -9.44 0
3.08 -7.62 0
4.39 9.84 0
5.55 2.35 0
-8.38 -3.56 1
1.70 1.03 0
7.28 -7.58 0
2.04 8.77 0
-6.17 8.99 1
-9.10 5.58 1
2.33 8.68 0
8.74 7.72 0
0.65 8.28 0
3.38 1.38 0
9.67 0.53 0
-8.65 1.05 1
4.50 -3.75 0
-2.36 5.82 1
8.27 1.36 0
1.85 -9.14 0
0.45 3.20 0
-8.05 -6.87 1
-1.74 9.52 0
-7.07 -9.47 0
-9.38 -0.21 1
-2.92 -7.93 0
6.85 -6.50 0
-5.01 -7.29 0
9.28 -6.91 0
-8.16 1.20 1
8.34 -0.22 0
-7.49 1.80 1
-8.47 -9.69 0
-9.44 1.48 1
-6.52 -0.58 1
1.23 2.95 0
-6.52 -1.49 1
-3.30 -8.94 0
8.67 -5.58 0
-7.07 4.99 1
-3.20 -6.00 0
1.75 -8.04 0
-9.69 9.74 1
-0.55 -0.42 1
-4.48 -0.14 1
-6.56 3.38 1
4.81 2.15 0
-7.53 3.66 1
7.99 -4.93 0
2.55 1.50 0
9.45 1.85 0
0.79 -2.29 0
1.89 3.87 0
2.33 -9.61 0
-5.27 7.89 1
-8.23 -3.13 1
5.14 -1.28 0
-0.16 -5.98 0
-6.59 3.34 1
8.48 -2.62 0
0.69 -4.46 0
3.09 3.84 0
6.69 1.38 0
-0.74 5.39 0
7.97 4.53 0
-6.60 1.98 1
2.93 -1.82 0
1.31 0.63 0
-1.01 5.41 0
-3.03 4.63 1
9.33 -6.37 0
5.03 -7.98 0
1.91 0.17 0
-5.24 -4.49 1
1.89 5.97 0
-9.44 7.62 1
10.00 2.29 0
-5.04 4.06 1
4.09 -8.72 0
-6.63 6.08 1
-1.12 5.56 0
-2.93 8.26 1
9.67 3.93 0
0.44 1.96 1
-0.04 1.31 1
1.84 6.73 0
9.89 -1.16 0
3.63 2.05 0
2.84 -2.63 0
6.03 9.89 0
-9.33 1.85 1
2.05 -4.87 0
4.81 -2.59 0
6.40 5.08 0
-9.99 -1.18 1
9.77 2.28 0
-9.94 4.02 1
1.78 -4.85 0
-8.92 -0.06 1
-9.11 0.08 1
6.66 -5.77 0
7.59 -4.43 0
-8.68 -0.23 1
8.29 -6.05 0