-5.69 9.09 1
0.42 2.70 1
-1.73 8.82 1
5.43 -9.76 0
-0.89 5.18 1
-7.68 8.66 0
-7.37 2.00 0
8.68 -8.52 0
7.70 -9.37 0
-3.54 -5.88 0
-5.51 8.60 1
-9.56 1.45 0
4.36 -4.39 0
-6.67 -6.83 0
4.57 -4.49 0
8.74 0.71 0
-9.02 -7.09 0
2.93 -8.75 0
2.29 -7.54 1
6.64 8.43 0
-4.41 -7.80 0
1.94 7.74 0
2.41 1.06 0
5.36 2.17 0
-8.64 -9.44 0
0.39 9.37 1
7.51 -0.58 0
-4.74 -3.97 0
2.26 6.89 0
-0.33 -5.19 0
-6.96 7.79 0
7.29 9.66 0
-3.03 8.56 1
-2.36 8.83 1
2.89 6.63 0
6.66 -9.07 0
-7.59 3.53 0
-3.15 4.91 1
2.78 -8.93 0
-7.95 1.55 0
-0.06 0.89 1
-4.89 -3.62 0
9.47 -1.19 0
7.89 -7.93 0
8.84 8.37 0
-2.87 -8.75 0
-9.01 -5.19 0
-2.28 -4.83 0
-7.28 -4.68 0
2.31 -3.28 0
7.06 8.23 0
-3.30 9.10 1
7.44 1.57 0
-6.49 0.38 0
-3.10 -0.60 0
8.56 6.76 0
-9.78 1.99 0
6.56 -4.55 0
-7.75 -0.48 0
-4.36 1.92 0
-8.97 8.07 0
-5.75 -4.32 0
1.23 -8.80 0
7.67 -6.53 0
-9.81 -9.14 0
-3.41 0.02 0
-3.49 -2.48 0
-4.28 -7.93 0
9.67 0.57 0
6.18 -6.23 0
-2.15 -2.38 0
2.55 -1.13 0
-9.33 3.96 0
2.57 -1.69 0
4.10 -7.94 0
5.59 -9.47 0
-5.00 4.82 0
-5.63 6.33 0
-5.27 6.27 0
-5.81 -9.96 0
-7.01 -1.41 0
-6.96 4.43 0
5.88 5.19 0
7.10 7.98 0
5.34 -3.42 0
7.00 -9.74 0
-8.78 -2.73 0
1.76 3.37 0
-8.40 0.61 0
-9.85 -4.17 0
2.42 -8.85 0
-8.35 -1.18 0
2.82 -6.24 0
3.37 -5.73 0
9.62 -6.85 0
-7.01 9.28 0
0.92 -2.14 1
-6.96 -8.23 0
6.66 -1.25 0
7.19 8.97 0
-7.58 -6.44 0
-4.79 -8.26 0
-8.63 -3.65 0
-9.70 5.75 0
9.08 3.54 0
-0.54 3.14 1
-4.02 6.43 1
5.91 -2.37 0
-7.01 4.68 0
-8.92 9.92 0
7.54 4.33 0
2.64 -9.34 0
8.73 -0.20 0
-4.46 3.54 0
3.73 -0.09 0
2.73 2.76 0
-9.80 4.71 0
-5.97 5.47 0
-6.15 -7.82 0
-7.03 2.95 0
-5.37 -8.67 0
3.84 -8.26 0
0.24 2.30 1
-5.68 0.39 0
1.44 -7.54 0
2.52 -3.67 0
0.17 -7.14 0
-8.48 2.68 0
-1.63 -0.96 0
-0.46 -4.52 0
-6.77 6.95 0
9.03 7.87 0
2.71 5.47 0
4.40 -0.13 0
4.40 5.01 0
4.69 -0.22 0
9.93 3.83 0
4.84 6.52 0
-2.27 2.76 1
-2.68 0.78 0
7.45 -7.43 0
-5.77 7.47 0
0.86 -1.63 1
9.68 1.80 0
-3.81 -9.55 0
-8.37 -2.86 0
5.39 2.10 0
-6.93 -6.18 0
7.25 -8.53 0
3.73 5.32 0
-6.89 6.67 0
4.87 -9.66 0
6.51 1.38 0
2.23 7.82 0
3.33 1.34 0
-4.53 -4.59 0
4.65 1.54 0
-4.52 -8.41 0
1.21 -1.75 1
5.77 -3.61 0
-4.88 -9.13 0
-1.51 -3.59 0
-7.66 3.90 0
1.67 6.23 0
7.76 1.53 0
9.75 -0.02 0
-6.53 -5.85 0
-3.16 4.46 1
-9.48 9.02 0
8.99 -1.52 0
-5.37 -4.08 0
0.12 -8.51 0
-3.06 2.49 0
-5.40 -0.53 0
-7.38 3.77 0
8.88 -4.41 0
1.90 5.89 0
4.46 9.10 0
0.96 4.52 1
-5.37 -2.92 0
-6.67 5.67 0
9.17 0.57 0
6.44 8.22 0
-7.78 -0.89 0
-7.64 5.78 0
-8.60 -4.11 0
7.26 8.59 0
9.07 -0.47 0
-0.54 -4.42 0
-9.83 -2.27 0
-7.12 1.13 0
-4.49 3.29 0
9.28 1.52 0
-6.03 -6.55 0
-9.30 -7.82 0
2.86 -0.18 0
1.66 -1.92 0
-8.46 -1.80 0
9.56 -2.93 0
0.32 -5.18 0
1.43 -1.12 1
-6.01 9.05 0
-9.48 7.14 0
-9.01 4.56 0
-6.47 7.36 0
7.14 -2.22 0
-2.38 1.38 1
-6.77 1.00 0
-0.83 9.71 1
-3.58 -1.50 0
-8.43 9.59 0
7.46 -4.90 0
7.96 -0.88 0
-9.00 4.89 0
2.54 -2.86 0
5.82 2.98 0
9.60 0.60 0
-3.84 -8.16 0
-8.09 0.96 0
-7.28 2.07 0
-0.81 5.91 1
-2.32 -7.27 0
-1.60 -8.01 0
-4.85 6.48 1
4.70 -3.76 0
-9.19 8.33 0
8.36 -3.99 0
-1.75 -5.09 0
-9.42 8.68 0
5.48 -8.26 0
3.03 -2.98 0
4.43 -5.61 0
-6.11 1.85 0
-3.51 4.31 0
8.57 5.47 0
-7.26 -2.00 0
-0.94 -5.74 0
-3.49 9.77 1
9.06 5.80 0
3.54 1.30 0
4.32 9.61 0
-3.68 -4.85 0
1.49 2.15 1
2.93 -8.41 1
0.91 -3.33 1
-7.71 -0.34 0
-9.53 7.84 0
5.02 -6.64 0
2.06 4.24 0
6.08 1.78 0
-3.02 0.49 0
6.43 -8.86 0
-0.57 -9.39 0
-7.54 -6.15 0
4.19 2.94 0
-6.91 8.74 0
-9.15 -7.62 0
1.15 -9.45 0
7.58 -9.51 0
8.73 2.54 0
5.07 -8.65 0
4.02 6.16 0
3.54 -2.20 0
-0.10 1.46 1
4.71 -8.72 0
3.68 -6.95 0
-5.63 -3.42 0
-8.44 -2.53 0
0.97 -7.58 0
1.52 -9.59 0
1.06 8.54 1
3.83 -5.67 0
-6.68 -9.79 0
9.94 -9.30 0
-0.58 2.69 1
-3.04 4.92 1
-7.66 9.45 0
-1.99 -3.54 0
0.43 -9.49 0
-3.70 -8.01 0
8.98 -9.69 0
5.05 5.07 0
0.40 -1.99 1
-5.61 -7.55 0
-1.71 7.42 1
1.67 3.92 0
-8.32 -1.44 0
-7.95 -9.54 0
-8.97 8.51 0
2.66 3.79 0
9.64 -4.94 0
5.42 9.13 0
-8.83 3.71 0
1.16 2.77 1
-3.43 5.56 1
-9.12 -3.91 0
2.67 2.11 0
-1.40 -1.54 0
8.27 -8.98 0
4.88 2.99 0
-6.46 -3.29 0
9.87 -9.00 0
-6.04 9.02 0
3.93 -9.45 0
4.09 8.17 0
4.46 5.34 0
2.31 8.21 0
2.94 2.70 0
-9.70 -1.05 0
-0.81 -4.71 0
-3.99 -8.73 0
5.63 -3.28 0
-0.92 -2.57 0
-7.25 -7.84 0
2.27 -4.76 0
-4.96 -7.24 0
3.90 9.21 0
-8.04 0.17 0
-3.77 -8.92 0
-3.25 -6.61 0
-9.93 -1.78 0
3.61 1.65 0
-7.87 0.22 0
3.36 4.36 0
-1.73 -8.19 0
-3.49 1.99 0
-6.68 -6.90 0
-6.50 -9.95 0
5.82 -2.98 0
-7.67 2.72 0
-4.87 -1.76 0
5.19 -8.06 0
7.04 7.83 0
7.97 -6.33 0
4.32 3.68 0
9.00 3.35 0
-1.03 7.66 1
-3.15 -0.19 0
3.91 -2.09 0
-9.27 -1.46 0
3.88 -3.40 0
1.84 3.44 0
-2.60 2.08 1
-0.56 4.82 1
-2.13 -2.63 0
7.49 -9.01 0
-9.52 -2.75 0
8.22 -4.53 0
2.90 3.27 0
-9.31 -2.25 0
1.42 6.67 1
-1.09 -9.12 0
-0.42 -2.08 0
-7.42 5.13 0
7.73 6.11 0
-9.95 -7.00 0
3.37 -8.02 0
-8.33 0.99 0
-2.14 -5.64 0
7.06 -6.80 0
-0.16 -3.51 0
-4.52 0.74 0
3.84 -4.08 0
-8.23 9.47 0
-7.59 7.02 0
-1.13 -0.14 1
-5.54 -9.47 0
6.60 -4.49 0
-2.76 -0.16 0
-2.70 3.89 1
3.53 5.13 0
-9.30 -5.07 0
0.05 -5.21 0
3.00 1.80 0
-1.77 -3.09 0
7.70 1.63 0
4.42 -7.40 0
9.76 3.24 0
-7.06 7.70 0
-1.42 -5.54 0
-7.57 9.75 0
-9.64 1.62 0
-6.35 3.09 0
5.81 -9.42 0
5.25 6.40 0
-4.70 -9.81 0
2.86 -5.61 0
0.20 7.01 1
-3.69 8.10 1
6.80 2.70 0
0.34 6.58 1
6.71 4.84 0
-5.52 7.14 0
6.80 -4.06 0
-0.47 0.64 1
-9.42 -4.47 0
0.07 -5.93 0
2.84 -4.05 0
4.89 3.22 0
-9.83 -6.31 0
0.98 -4.86 1
-5.19 0.06 0
2.05 7.74 0
5.96 1.75 0
-3.57 -3.00 0
-9.90 2.17 0
-9.79 -5.52 0
-9.72 3.01 0
0.31 -7.37 0
3.90 2.12 0
7.40 -8.70 0
5.06 -6.03 0
4.93 7.32 0
3.25 -3.93 0
-8.35 -8.51 0
-7.28 5.40 0
2.47 7.80 0
9.12 -1.80 0
-0.71 -3.31 0
7.04 -4.14 0
-3.13 1.09 0
5.77 9.72 0
-3.23 2.52 0
-1.20 8.63 1
6.69 -7.39 0
7.49 4.33 0
-7.70 -4.91 0
-0.95 1.91 1
3.81 -7.23 0
4.61 -4.86 0
0.58 4.87 1
4.68 -0.03 0
3.76 0.87 0
-4.15 -6.85 0
-1.17 9.07 1
-4.53 -2.25 0
8.25 0.13 0
-1.19 -7.65 0
-2.72 -0.93 0
-2.67 -3.51 0
5.71 2.73 0
-4.23 1.54 0
-7.58 -6.04 0
-8.97 -7.03 0
0.48 8.59 1
-3.57 7.93 1
-3.93 6.84 1
-9.13 -9.96 0
6.39 6.86 0
4.92 2.64 0
-1.34 -5.12 0
2.82 0.80 0
5.44 -6.24 0
2.75 3.07 0
9.68 9.74 0
-3.39 4.25 0
5.83 4.72 0
-7.63 3.75 0
9.50 -8.98 0
-5.21 9.71 1
-7.83 9.88 0
0.99 5.37 1
-1.48 -2.91 0
-6.67 7.72 0
-5.27 -5.74 0
0.37 -9.44 0
6.52 8.53 0
-7.58 -1.46 0
-9.76 -2.42 0
3.92 8.62 0
3.19 -6.20 0
-6.96 1.75 0
-7.08 0.63 0
-4.63 -7.71 0
9.78 9.42 0
-4.29 -6.99 0
1.40 -4.48 1
9.43 9.29 0
-6.24 -1.19 0
-6.62 -1.96 0
-0.91 -4.45 0
-4.92 -6.25 0
-1.83 6.22 1
-1.28 -2.83 0
1.47 -3.20 1
-3.71 0.42 0
1.73 0.19 0
3.42 6.38 0
9.41 8.31 0
-9.50 -9.86 0
-8.80 5.97 0
-7.95 5.39 0
-7.82 -7.17 0
9.75 -0.42 0
-7.74 -8.69 0
-2.00 8.62 1
8.98 5.07 0
-5.35 -6.49 0
-9.77 -4.80 0
-5.75 -0.34 0
2.97 -0.50 0
-3.76 2.85 0
-3.00 -6.12 0
-3.66 -5.13 0
6.41 4.45 0
5.79 -3.34 0
5.46 3.65 0
0.25 7.07 1
0.93 4.74 1
-2.36 1.28 1
4.91 2.74 0
4.67 1.64 0
-0.51 -4.87 0
4.78 -1.36 0
-3.13 -3.32 0
7.30 -1.05 0
7.35 -5.17 0
-9.96 -9.40 0
-2.57 -0.93 0
3.33 -3.04 0
-4.11 8.89 1
4.53 -8.60 0
7.62 -5.85 0
0.23 -7.86 0
-2.80 -9.14 0
0.08 1.08 1
5.10 -0.66 0
3.31 1.25 0
-3.36 -5.10 0
0.79 9.35 1
-3.87 6.52 1
3.60 -7.68 0
6.72 3.47 0
2.35 -0.28 0
0.56 -3.83 1
-2.64 2.93 1
3.64 -9.09 0
-8.12 9.14 0
7.11 -9.23 0
-9.14 3.74 0
-2.93 -5.31 0
8.47 -2.27 0
9.20 -3.42 0
2.76 1.38 0
-6.31 6.64 0
-2.36 7.82 1
-8.17 -1.47 0
-0.34 -4.32 0
4.23 1.20 0
7.81 7.81 0
5.49 -5.97 0
-6.63 7.65 0
-8.33 -6.48 0
-4.26 -5.51 0
-0.71 -4.99 0
0.27 -5.00 0
6.60 -5.78 0
-5.48 -0.79 0
1.82 -0.57 0
0.59 -3.67 1
-3.33 -2.06 0
-7.40 8.16 0
-2.09 -2.30 0
-8.68 -3.92 0
5.21 8.93 0
0.21 -8.76 0
-0.96 -0.58 1
-8.47 7.18 0
-1.00 -8.24 0
4.63 -1.08 0
9.84 -8.55 0
4.10 -6.70 0
-9.65 0.49 0
0.47 -8.34 0
-1.74 2.71 1
2.46 -2.30 0
3.56 4.44 0
6.45 -8.85 0
2.03 -3.33 0
-3.64 -9.41 0
0.81 -6.28 0
4.82 8.06 0
9.04 -2.96 0
-4.58 -7.98 0
7.56 -7.15 0
4.95 5.54 0
-5.93 -2.49 0
-5.73 -7.83 0
2.60 -4.54 0
-2.73 3.07 1
-0.41 -8.86 0
8.11 -3.90 0
2.71 -1.42 0
8.96 9.99 0
-6.88 0.16 0
-7.36 4.74 0
-2.87 -0.60 0
-2.32 3.35 1
-1.19 -8.14 0
6.91 9.32 0
-8.14 2.90 0
4.71 9.28 0
5.71 -8.75 0
3.31 0.92 0
8.83 -6.45 0
-6.25 -7.49 0
0.38 6.30 1
-6.88 2.32 0
-9.86 9.19 0
6.87 3.56 0
-3.51 6.28 1
1.77 -6.00 0
2.25 0.31 0
-6.29 -2.26 0
-1.24 -0.92 1
-8.78 0.48 0
3.06 -4.56 0
5.77 4.06 0
-1.85 1.95 1
-5.84 -1.43 0
-0.98 9.77 1
0.32 7.13 1
-5.35 -2.37 0
-1.85 -6.34 0
0.01 8.24 1
7.77 3.53 0
-4.23 9.21 1
-4.20 1.60 0
1.20 2.25 1
0.02 7.33 1
-5.35 -5.68 0
8.11 2.73 0
-9.38 -0.89 0
5.35 6.25 0
2.78 1.59 0
6.41 3.21 0
8.31 -5.63 0
3.21 1.71 0
0.47 0.14 1
-7.83 1.95 0
-6.61 -8.13 0
-7.95 6.39 0
6.26 9.21 0
6.60 -1.75 0
2.09 7.79 0
4.89 -3.04 0
-9.28 6.93 0
6.96 0.18 0
5.11 -0.04 0
-8.12 4.44 0
5.61 1.86 0
-8.42 -1.14 0
-2.54 8.88 1
-5.49 9.86 1
3.90 -3.75 0
0.55 -1.36 1
-1.15 1.71 1
0.74 -2.25 1
-8.53 -5.14 0
3.92 -1.71 0
8.08 -4.42 0
-4.38 5.04 0
-3.88 -1.95 0
-5.41 3.26 0
-0.55 1.46 1
6.78 7.97 0
4.70 3.09 0
7.59 -5.85 0
-5.61 -4.89 0
9.33 -5.38 0
3.88 2.50 0
-7.15 1.36 0
6.69 6.22 0
-0.48 -4.53 0
5.48 -6.84 0
-6.58 1.12 0
4.29 2.26 0
-8.32 9.87 0
1.92 -4.88 0
6.00 -7.14 0
-4.00 8.18 1
-2.14 -9.34 0
2.46 3.89 0
5.84 3.10 0
-3.66 8.46 1
-5.29 -5.22 0
6.17 5.04 0
2.83 5.88 0
6.66 2.78 0
6.85 -7.67 0
-8.02 4.94 0
0.93 -5.19 1
-8.47 1.47 0
-8.39 -8.18 0
-3.52 -2.33 0
6.87 7.74 0
-7.34 -6.67 0
2.91 -2.61 0
3.62 5.85 0
2.91 -7.80 0
-3.90 4.81 1
-3.66 -6.53 0
4.26 -4.87 0
-8.51 7.10 0
-9.62 -9.29 0
-1.54 9.96 1
9.52 -3.57 0
-8.16 -5.21 0
-0.02 -1.73 1
-2.28 7.68 1
5.84 -8.19 0
4.35 7.35 0
0.65 9.02 1
0.80 9.93 1
-5.27 -3.17 0
9.85 0.05 0
1.09 1.09 1
-2.28 -0.41 0
-8.33 -6.66 0
5.57 7.56 0
8.39 2.32 0
-4.53 -3.10 0
1.51 -2.64 0
-2.93 -3.24 0
-8.57 -3.41 0
0.18 2.72 1
9.80 -0.63 0
3.34 1.47 0
-9.50 9.31 0
-1.44 -8.72 0
-8.19 1.98 0
8.58 5.41 0
-2.50 -0.24 0
-5.56 1.17 0
6.22 5.08 0
-1.45 4.70 1
-3.80 -7.08 0
0.90 -1.61 1
5.57 -6.36 0
5.00 6.16 0
-2.99 8.10 1
-6.13 -9.68 0
0.26 8.03 1
6.13 2.91 0
5.71 7.34 0
-2.16 -5.53 0
-1.90 2.15 1
-3.61 -6.56 0
-9.38 -9.19 0
-0.62 -9.28 0
6.45 -0.63 0
3.92 -4.48 0
-2.39 -8.04 0
9.14 -9.00 0
8.75 1.31 0
-1.39 -8.66 0
7.51 9.99 0
-1.88 5.21 1
-7.44 9.60 0
-0.81 5.16 1
-4.84 2.18 0
-1.14 7.12 1
-9.07 5.68 0
-7.58 -0.28 0
-5.15 3.70 0
7.18 9.24 0
4.10 -1.28 0
2.66 2.92 0
1.32 7.37 1
5.39 0.31 0
-6.49 -3.30 0
-4.99 0.92 0
1.00 1.10 1
-7.61 4.38 0
5.04 0.84 0
0.16 -0.86 1
-7.28 5.55 0
-8.42 5.24 0
3.44 8.28 0
-5.76 -2.69 0
2.61 -0.59 0
-7.79 5.03 0
4.92 -6.73 0
-8.16 -9.91 0
2.35 5.22 0
4.85 -9.12 0
-0.19 1.84 1
-4.65 9.43 1
5.51 -7.09 0
-3.29 8.37 1
2.30 0.03 0
8.95 -9.85 0
1.17 4.02 1
-2.50 5.72 1
9.16 0.83 0
-9.71 4.89 0
9.48 3.87 0
-8.42 -2.57 0
-5.55 -0.17 0
-1.77 -0.10 0
8.48 -5.57 0
-3.01 1.29 0
-7.86 -5.30 0
-0.34 7.97 1
6.74 5.43 0
-2.75 7.50 1
3.51 8.53 0
3.84 -0.26 0
1.15 6.30 1
-3.63 3.83 1
2.25 -2.82 0
-0.11 4.41 1
6.43 -6.90 0
5.59 8.83 0
5.98 -3.09 0
-0.68 -8.34 0
-3.51 -5.23 0
4.17 -8.45 0
4.58 6.74 0
-0.16 0.67 1
8.21 -3.27 0
-6.81 -4.26 0
-2.60 2.63 0
5.03 -4.65 0
-2.07 -4.19 0
-1.50 -2.68 0
2.08 -3.36 0
4.85 3.33 0
8.31 2.24 0
-9.39 -0.85 0
-5.08 8.74 1
4.45 0.17 0
8.87 -8.79 0
-7.24 -7.55 0
-1.02 1.19 1
-8.71 6.28 0
9.98 -5.79 0
-7.77 -1.04 0
8.71 8.49 0
-4.11 5.65 0
6.30 2.05 0
-0.50 -9.92 0
9.53 -3.01 0
6.12 -9.59 0
-7.52 9.53 0
0.68 -0.20 1
-3.53 1.43 0
1.21 6.97 1
3.17 6.13 0
-3.76 -7.74 0
6.68 -6.76 0
-8.91 4.36 0
-2.09 -4.33 0
3.36 2.22 0
-0.93 -8.56 0
5.37 3.38 0
0.95 2.72 1
-1.22 -3.43 0
1.14 0.87 1
-4.85 -2.68 0
-2.46 8.34 1
4.94 -6.73 0
-1.95 5.64 1
7.02 -2.07 0
4.92 4.80 0
1.19 -9.20 0
0.10 -0.48 1
-3.49 5.30 1
-3.43 6.55 1
0.20 -3.89 0
-7.09 3.62 0
-7.66 3.84 0
-0.78 -5.50 0
4.57 -4.62 0
0.60 -1.97 1
-0.39 3.53 1
-6.40 3.38 0
9.84 0.68 0
0.00 6.43 1
1.09 5.43 1
-3.34 -4.80 0
7.02 -9.98 0
-5.85 -0.27 0
6.77 -1.40 0
-3.54 5.07 1
-2.70 7.10 1
-0.99 2.61 1
-7.42 0.10 0
2.91 -6.82 0
7.12 -4.36 0
-0.49 -6.94 0
-6.51 -4.78 0
-8.54 -6.36 0
0.35 -7.40 0
3.74 4.35 0
0.43 2.83 1
1.46 9.12 1
6.43 -9.56 0
9.82 7.27 0
6.74 4.82 0
6.32 -8.85 0
-7.23 9.65 0
4.84 -5.11 0
-5.17 3.35 0
-2.59 -8.64 0
-5.37 7.95 1
-2.31 -1.15 0
-5.18 8.49 1
-6.39 0.69 0
-2.48 -6.18 0
1.51 3.91 0
-5.61 -7.19 0
2.15 -2.56 0
6.45 -9.38 0
5.91 7.73 0
9.78 9.78 0
5.81 0.68 0
5.88 5.83 0
5.53 -4.72 0
8.27 3.13 0
3.45 7.25 0
9.11 -9.56 0
2.01 2.19 0
5.76 -2.55 0
0.52 5.33 1
-6.03 -8.65 0
-0.86 7.61 1
-8.43 5.28 0
-7.90 6.27 0
4.84 -0.34 0
-1.35 2.25 1
7.96 1.45 0
-7.83 6.47 0
-4.41 6.63 1
-0.65 2.26 1
8.10 6.79 0
-5.49 -7.76 0
-0.18 -8.14 0
7.18 4.65 0
1.42 8.12 1
-4.99 5.96 0
-0.29 -6.97 0
8.70 5.03 0
0.02 6.42 1
-9.25 -3.21 0
9.76 -8.22 0
5.66 3.30 0
5.09 -9.79 0
-4.33 4.01 0
-3.14 -4.90 0
-6.88 7.98 0
-2.84 -3.97 0
-1.87 6.31 1
2.85 -3.36 0
8.87 -5.04 0
-1.07 3.10 1
-9.76 -4.86 0
1.13 7.57 1
6.57 1.31 0
4.59 -6.17 0
4.21 -4.59 0
3.39 -8.77 0
-9.75 -0.14 0
-5.61 -2.47 0
-4.30 1.67 0
-2.02 1.15 0
5.31 -1.65 0
-1.08 -0.75 1
6.18 6.90 0
5.78 7.48 0
-2.07 -1.44 0
5.94 -5.17 0
7.65 -2.88 0
-6.23 -7.54 0
-0.60 -2.82 0
-1.80 0.90 0
-5.69 9.83 1
-2.62 -2.13 0
0.79 2.11 1
-6.56 -5.65 0
0.76 -4.42 1
-4.27 8.50 1
1.99 5.04 0
-8.88 0.06 0
-6.99 5.13 0
4.34 -9.89 0
7.51 -9.90 0
-8.89 3.67 0
0.66 9.60 1
2.79 5.30 0
8.43 -0.72 0
-5.67 -2.91 0
-8.14 3.27 0
-7.44 1.53 0
-3.13 -4.92 0
-9.66 4.83 0
-2.58 4.82 1
-8.03 -7.61 0
2.46 1.73 0
5.51 -1.01 0