LearningRate: 0.2 hiddenLayerSize: 20
hiddenLayer2Size: 20 hiddenLayer3Size: 20
Training 3 Hidden Layer MNIST Dataset: 

Started: Fri May 13 2016 19:20:59 GMT+0200 (South Africa Standard Time)

Synaptic Train

iterations 1 error 4.578398747115859 rate 0.2
iterations 2 error 4.662957558912961 rate 0.2
iterations 3 error 4.647463617041337 rate 0.2
iterations 4 error 4.708482887577781 rate 0.2
iterations 5 error 4.632380940780409 rate 0.2
iterations 6 error 4.648153171528649 rate 0.2
iterations 7 error 4.554928564341489 rate 0.2
iterations 8 error 4.685728993835576 rate 0.2
iterations 9 error 4.651785892758141 rate 0.2
iterations 10 error 4.6209499777439484 rate 0.2
Complete!! 

Ended: Fri May 13 2016 19:22:54 GMT+0200 (South Africa Standard Time)

Result using testSet[0]: 0,0,0,0,0,0,0,0,1,0

[ 0.9028117745373606,
  0.03662099021731415,
  0.021266240259936682,
  0.013379154130889803,
  0.024775258656696497,
  0.012537388094121417,
  0.012076772761268825,
  0.01099730188652742,
  0.07401446179642418,
  0.054309584638096535 ]
Result using testSet[1]: 0,0,0,0,0,0,0,0,1,0

[ 0.9028102522350133,
  0.036621805925231975,
  0.02126679369106225,
  0.013379551689344111,
  0.02477585823146162,
  0.012537766996114492,
  0.012077146890943335,
  0.010997641294356889,
  0.07401565898522525,
  0.054310622416064665 ]
Result using testSet[2]: 0,0,0,0,0,0,0,0,0,1

[ 0.9028111297081244,
  0.036621335307113236,
  0.0212664744635556,
  0.013379322281871003,
  0.024775512709361625,
  0.012537548519150784,
  0.01207693099984517,
  0.010997445625868836,
  0.07401496753897112,
  0.05431002346261416 ]
Result using testSet[3]: 0,1,0,0,0,0,0,0,0,0

[ 0.9028090776731696,
  0.0366224356381779,
  0.02126722077051467,
  0.01337985843948793,
  0.02477632103117119,
  0.012538059343149322,
  0.012077435342862354,
  0.010997903201375586,
  0.07401658062725179,
  0.05431142255268468 ]
Result using testSet[4]: 1,0,0,0,0,0,0,0,0,0

[ 0.9028138579446788,
  0.036619873615160385,
  0.021265482921776616,
  0.013378610101175458,
  0.02477443816979929,
  0.012536869749274596,
  0.012076260935591398,
  0.01099683744627199,
  0.07401282476211142,
  0.054308164482469286 ]
Result using testSet[5]: 0,0,0,0,1,0,0,0,0,0

[ 0.9028150697633734,
  0.03661922405603423,
  0.021265042337456318,
  0.013378293636325344,
  0.024773960801168997,
  0.01253656816979338,
  0.012075963161353353,
  0.010996567228554762,
  0.07401187182907513,
  0.05430733811788689 ]
Result using testSet[6]: 0,0,0,1,0,0,0,0,0,0

[ 0.9028150697633734,
  0.03661922405603423,
  0.021265042337456318,
  0.013378293636325344,
  0.024773960801168997,
  0.01253656816979338,
  0.012075963161353353,
  0.010996567228554762,
  0.07401187182907513,
  0.05430733811788689 ]
Result using testSet[7]: 0,0,1,0,0,0,0,0,0,0

[ 0.9028111337557978,
  0.03662133351418074,
  0.02126647319845243,
  0.013379321492707296,
  0.02477551086489381,
  0.012537547583616693,
  0.01207693022550198,
  0.010997444748897548,
  0.07401496540691908,
  0.054310021590408986 ]
Result using testSet[8]: 0,0,0,0,0,0,0,1,0,0

[ 0.9028084369774528,
  0.036622780003598185,
  0.021267454224401565,
  0.013380026093041094,
  0.024776573372465267,
  0.012538219057177216,
  0.012077593396894142,
  0.01099804630924554,
  0.07401708637805161,
  0.05431186163637018 ]
Result using testSet[9]: 0,0,0,0,1,0,0,0,0,0

[ 0.9028131199532574,
  0.036620269085576446,
  0.021265751139435705,
  0.013378802771862494,
  0.024774728540285108,
  0.012537053334239445,
  0.012076442121863722,
  0.010997001821706605,
  0.07401340391502512,
  0.05430866749162589 ]
Result using testSet[10]: 0,0,0,1,0,0,0,0,0,0

[ 0.9028131199532574,
  0.036620269085576446,
  0.021265751139435705,
  0.013378802771862494,
  0.024774728540285108,
  0.012537053334239445,
  0.012076442121863722,
  0.010997001821706605,
  0.07401340391502512,
  0.05430866749162589 ]
Result using testSet[11]: 0,0,0,0,0,0,1,0,0,0

[ 0.9028149546927535,
  0.0366192855426125,
  0.021265084134036376,
  0.013378323723423697,
  0.024774006238414286,
  0.01253659678163306,
  0.012075991506861129,
  0.010996592941919235,
  0.0740119633293571,
  0.05430741661156525 ]
Result using testSet[12]: 0,0,0,0,0,1,0,0,0,0

[ 0.9028078182439998,
  0.036623110093857214,
  0.021267678255124555,
  0.0133801867435632,
  0.024776815852347017,
  0.012538372157022836,
  0.012077744612593127,
  0.010998183534452881,
  0.07401756932092532,
  0.05431228125800858 ]
Result using testSet[13]: 0,1,0,0,0,0,0,0,0,0

[ 0.9028059960786091,
  0.03662408692787049,
  0.021268340936236578,
  0.013380662884186673,
  0.024777534063717587,
  0.012538825945097946,
  0.012078192402711392,
  0.010998589918026597,
  0.07401900139410598,
  0.054313523304944974 ]
Result using testSet[14]: 0,0,0,0,0,0,0,0,0,1

[ 0.9028091147725814,
  0.036622415473558156,
  0.02126720715369954,
  0.013379848403957116,
  0.024776305997489454,
  0.012538049863687159,
  0.0120774261611009,
  0.010997894739249696,
  0.07401655065335871,
  0.05431139765581286 ]
Result using testSet[15]: 1,0,0,0,0,0,0,0,0,0

[ 0.9028147223754962,
  0.03661941029510491,
  0.021265168743476465,
  0.013378384560761061,
  0.024774097906481735,
  0.012536654710877726,
  0.012076048733501566,
  0.010996644865715118,
  0.07401214679988084,
  0.05430757551715376 ]
Result using testSet[16]: 0,0,1,0,0,0,0,0,0,0

[ 0.9028096647313181,
  0.03662212066501024,
  0.021267007167571437,
  0.013379704783070694,
  0.02477608920456011,
  0.012537913036447242,
  0.012077290956732507,
  0.010997772067187375,
  0.07401611875186023,
  0.05431102251945843 ]
Result using testSet[17]: 0,0,0,0,0,0,1,0,0,0

[ 0.9028120257559207,
  0.03662085441766499,
  0.021266148427815743,
  0.013379087984287464,
  0.024775159691172742,
  0.012537325459976774,
  0.012076710666133816,
  0.010997245761815428,
  0.0740142634043382,
  0.054309411784355874 ]
Result using testSet[18]: 0,0,0,0,0,1,0,0,0,0

[ 0.9028149893296982,
  0.03661926741760596,
  0.021265071709081266,
  0.013378314826066552,
  0.0247739925510819,
  0.012536588261996594,
  0.012075983094721212,
  0.010996585238994199,
  0.07401193617074886,
  0.05430739354936129 ]
Result using testSet[19]: 0,0,0,0,0,0,0,1,0,0

[ 0.9028135931145554,
  0.03662001566015629,
  0.02126557928735888,
  0.013378679342502312,
  0.024774542432848504,
  0.012536935721716965,
  0.012076326012900668,
  0.010996896467344933,
  0.07401303278792845,
  0.054308345231146075 ]
Ended: Fri May 13 2016 19:22:54 GMT+0200 (South Africa Standard Time)

