LearningRate: 0.3 hiddenLayerSize: 25
hiddenLayer2Size: 25 hiddenLayer3Size: 25
Training 3 Hidden Layer MNIST Dataset: 

Started: Fri May 13 2016 18:52:38 GMT+0200 (South Africa Standard Time)

Synaptic Train

iterations 1 error 7.1118987482174685 rate 0.3
iterations 2 error 7.304910698299639 rate 0.3
iterations 3 error 7.296114225371919 rate 0.3
iterations 4 error 7.057774875964977 rate 0.3
iterations 5 error 7.323047640926627 rate 0.3
iterations 6 error 7.16302385976031 rate 0.3
iterations 7 error 7.276213386307813 rate 0.3
iterations 8 error 7.037327285923723 rate 0.3
iterations 9 error 7.283030418143739 rate 0.3
iterations 10 error 7.154851736553406 rate 0.3
Complete!! 

Ended: Fri May 13 2016 18:56:38 GMT+0200 (South Africa Standard Time)

Result using testSet[0]: 1,0,0,0,0,0,0,0,0,0

[ 0.00643843976497485,
  0.004884837029366506,
  0.010264912645699857,
  0.0075001245974976845,
  0.008178111855196546,
  0.003717379084774668,
  0.005440878412264867,
  0.002784063977831512,
  0.9678860069164337,
  0.008424611066490395 ]
Result using testSet[1]: 0,0,1,0,0,0,0,0,0,0

[ 0.006438601625155191,
  0.004884971165515992,
  0.01026514174103939,
  0.007500304623048617,
  0.008178313170664163,
  0.0037174828007400596,
  0.005441021966448052,
  0.002784147605958611,
  0.9678854499194577,
  0.008424806356217954 ]
Result using testSet[2]: 0,0,0,0,0,0,1,0,0,0

[ 0.006438401109100634,
  0.004884805012887612,
  0.01026485784468217,
  0.0075000817013423345,
  0.008178063794743323,
  0.0037173543030237237,
  0.005440844185813114,
  0.0027840440214741196,
  0.9678861399195137,
  0.00842456441028634 ]
Result using testSet[3]: 0,0,0,1,0,0,0,0,0,0

[ 0.0064384825248792465,
  0.004884872489192683,
  0.010264973124531706,
  0.007500172183998686,
  0.008178165041383339,
  0.0037174064903983707,
  0.005440916359940751,
  0.0027840860773481364,
  0.9678858598407042,
  0.00842466265169855 ]
Result using testSet[4]: 0,0,0,0,0,0,0,0,1,0

[ 0.006438510929018079,
  0.004884896010748979,
  0.010265013305559931,
  0.007500203817356501,
  0.008178200371097271,
  0.0037174246798148906,
  0.005440941570821145,
  0.002784100761579707,
  0.9678857620887612,
  0.008424696901711274 ]
Result using testSet[5]: 0,0,0,0,0,1,0,0,0,0

[ 0.006438421171358567,
  0.004884821634598216,
  0.01026488627350438,
  0.007500103966470354,
  0.008178088737272755,
  0.0037173671646369005,
  0.005440861961508134,
  0.0027840543833972374,
  0.967886070919651,
  0.008424588619298942 ]
Result using testSet[6]: 0,0,0,0,0,0,1,0,0,0

[ 0.006438500784580675,
  0.004884887609171063,
  0.010264999055952156,
  0.007500192501334189,
  0.00817818772806059,
  0.0037174181905203054,
  0.005440932560362795,
  0.0027840955176809366,
  0.9678857968753324,
  0.008424684698273684 ]
Result using testSet[7]: 0,1,0,0,0,0,0,0,0,0

[ 0.006438651568410362,
  0.004885012574300762,
  0.010265212489996376,
  0.00750036019645038,
  0.008178375279586031,
  0.0037175148274602547,
  0.005441066293993068,
  0.002784173425079212,
  0.9678852781338746,
  0.008424866636827332 ]
Result using testSet[8]: 0,1,0,0,0,0,0,0,0,0

[ 0.006438733745996509,
  0.004885080643560546,
  0.010265328827293349,
  0.007500451535247473,
  0.008178477486872449,
  0.003717567472230747,
  0.005441139139393514,
  0.0027842158696039718,
  0.9678849954709866,
  0.008424965772479512 ]
Result using testSet[9]: 0,0,0,0,0,0,0,0,0,1

[ 0.006438541781381425,
  0.0048849215862057415,
  0.010265057034445859,
  0.007500238098566269,
  0.008178238746418603,
  0.003717444461883526,
  0.005440968916999187,
  0.0027841166945241688,
  0.967885655874985,
  0.008424734166679318 ]
Result using testSet[10]: 1,0,0,0,0,0,0,0,0,0

[ 0.006438410511390831,
  0.004884812825382968,
  0.010264871161662992,
  0.007500092161460255,
  0.008178075512664591,
  0.003717360350905755,
  0.0054408525321083725,
  0.002784048882420378,
  0.9678861075982709,
  0.008424575774958969 ]
Result using testSet[11]: 0,0,0,1,0,0,0,0,0,0

[ 0.006438407299590438,
  0.004884810136435977,
  0.010264866627537075,
  0.007500088537042658,
  0.008178071486232737,
  0.0037173582769301186,
  0.005440849647647008,
  0.002784047212399241,
  0.967886118704309,
  0.008424571882276528 ]
Result using testSet[12]: 0,0,1,0,0,0,0,0,0,0

[ 0.00643850291168092,
  0.004884889357879057,
  0.0102650020283257,
  0.007500194838121589,
  0.008178190382640465,
  0.0037174195503054987,
  0.0054409344245962355,
  0.002784096610414416,
  0.9678857896527197,
  0.008424687239327312 ]
Result using testSet[13]: 0,0,0,0,0,1,0,0,0,0

[ 0.006438677071269179,
  0.0048850336835146845,
  0.010265248522095895,
  0.00750038849836996,
  0.0081784069726658,
  0.0037175311502680095,
  0.00544108885434796,
  0.0027841865880944925,
  0.967885190286174,
  0.008424897367718858 ]
Result using testSet[14]: 0,0,0,0,0,0,0,0,0,1

[ 0.006438632892691992,
  0.004884997047153118,
  0.010265186088243713,
  0.007500339285108588,
  0.008178351971908065,
  0.0037175028158395722,
  0.005441049651766772,
  0.0027841637417612914,
  0.9678853423182588,
  0.008424844061982989 ]
Result using testSet[15]: 0,0,0,0,0,0,0,1,0,0

[ 0.006438595327365186,
  0.004884965954014688,
  0.010265132752429462,
  0.007500297650750569,
  0.008178305330849294,
  0.003717478750695451,
  0.005441016416711491,
  0.002784144365846653,
  0.9678854716730754,
  0.008424798730306274 ]
Result using testSet[16]: 0,0,0,0,0,0,0,0,1,0

[ 0.0064385310816933725,
  0.004884912738774895,
  0.010265041882682471,
  0.007500226251774191,
  0.008178225472973822,
  0.003717437611876469,
  0.005440959468257944,
  0.002784111180867322,
  0.9678856926237652,
  0.008424721256984596 ]
Result using testSet[17]: 0,0,0,0,1,0,0,0,0,0

[ 0.0064384825248792465,
  0.004884872489192683,
  0.010264973124531706,
  0.007500172183998686,
  0.008178165041383339,
  0.0037174064903983707,
  0.005440916359940751,
  0.0027840860773481364,
  0.9678858598407042,
  0.00842466265169855 ]
Result using testSet[18]: 0,0,0,0,0,0,0,1,0,0

[ 0.006438455221262865,
  0.004884849862308603,
  0.010264934451582837,
  0.007500141828050889,
  0.008178131097455759,
  0.0037173889865617957,
  0.005440892162908362,
  0.0027840719766558377,
  0.967885953744056,
  0.008424629703842489 ]
Result using testSet[19]: 0,0,0,0,1,0,0,0,0,0

[ 0.006438407299590438,
  0.004884810136435977,
  0.010264866627537075,
  0.007500088537042658,
  0.008178071486232737,
  0.0037173582769301186,
  0.005440849647647008,
  0.002784047212399241,
  0.967886118704309,
  0.008424571882276528 ]
Ended: Fri May 13 2016 18:56:39 GMT+0200 (South Africa Standard Time)

