LearningRate: 0.2 hiddenLayerSize: 30
hiddenLayer2Size: 20 hiddenLayer3Size: 15
Training 3 Hidden Layer MNIST Dataset: 

Started: Fri May 13 2016 21:18:58 GMT+0200 (South Africa Standard Time)

Synaptic Train

iterations 1 error 4.154150026049126 rate 0.2
iterations 2 error 4.19340385641336 rate 0.2
iterations 3 error 4.236231020322405 rate 0.2
iterations 4 error 4.210205492669792 rate 0.2
iterations 5 error 4.171048330356249 rate 0.2
iterations 6 error 4.211698526323605 rate 0.2
iterations 7 error 4.216348972787906 rate 0.2
iterations 8 error 4.185413819599135 rate 0.2
iterations 9 error 4.204066011568359 rate 0.2
iterations 10 error 4.132392752924741 rate 0.2
Complete!! 

Ended: Fri May 13 2016 21:20:04 GMT+0200 (South Africa Standard Time)

Result using testSet[0]: 0,0,0,0,0,1,0,0,0,0

[ 0.4321339082727555,
  0.02377980263164545,
  0.07658420039234319,
  0.03321593747364752,
  0.10812835313229696,
  0.02229965606526896,
  0.0724981078909398,
  0.016784043417289306,
  0.16121540646202517,
  0.012050596501344907 ]
Result using testSet[1]: 0,0,0,0,0,0,1,0,0,0

[ 0.4321343556448723,
  0.023780951710365428,
  0.07658653162614355,
  0.03321743973729799,
  0.10813096177277348,
  0.02230078118234272,
  0.07250033513669678,
  0.01678496985190014,
  0.16121815096486145,
  0.012051319954183758 ]
Result using testSet[2]: 0,0,0,0,0,0,0,0,0,1

[ 0.43213519056447014,
  0.023783021244680614,
  0.0765907300573212,
  0.033220148202045004,
  0.10813566504992107,
  0.02230280875029697,
  0.07250434515723951,
  0.016786637490938634,
  0.1612231040183256,
  0.012052624107680628 ]
Result using testSet[3]: 0,1,0,0,0,0,0,0,0,0

[ 0.43213555674610765,
  0.02378402406730547,
  0.07659276296946294,
  0.03322145742435561,
  0.10813793644937514,
  0.02230378879101649,
  0.07250628923094926,
  0.016787444665984076,
  0.1612254994744517,
  0.01205325395980412 ]
Result using testSet[4]: 0,0,0,0,0,0,1,0,0,0

[ 0.432133808383669,
  0.023779550353099064,
  0.07658368683328123,
  0.0332156060361171,
  0.1081277796544761,
  0.022299407813229002,
  0.07249761765789,
  0.01678383946896366,
  0.16121479992259347,
  0.012050437076695427 ]
Result using testSet[5]: 0,0,0,0,1,0,0,0,0,0

[ 0.43213415486622503,
  0.02378043122721895,
  0.07658547362104813,
  0.03321675853709227,
  0.10812978053816691,
  0.022300271087566426,
  0.0724993251589575,
  0.01678454953685147,
  0.1612169055806506,
  0.012050991568856875 ]
Result using testSet[6]: 0,0,1,0,0,0,0,0,0,0

[ 0.4321343635890431,
  0.023780970786744696,
  0.07658657098518835,
  0.03321746412888994,
  0.10813100540492859,
  0.022300799399649223,
  0.07250037119473213,
  0.016784984768480053,
  0.1612181955790406,
  0.012051331659175598 ]
Result using testSet[7]: 0,0,0,0,0,1,0,0,0,0

[ 0.43213490131645926,
  0.02378232877343288,
  0.07658932159632817,
  0.03321924039728153,
  0.108134089274367,
  0.022302128763023114,
  0.07250300202556625,
  0.016786078559789943,
  0.16122144169747926,
  0.012052186280275077 ]
Result using testSet[8]: 1,0,0,0,0,0,0,0,0,0

[ 0.43213379989656325,
  0.023779519845069992,
  0.07658362640034411,
  0.033215566625481245,
  0.10812771156316026,
  0.022299378618593456,
  0.0724975591416133,
  0.0167838152182314,
  0.1612147261551384,
  0.012050418072768588 ]
Result using testSet[9]: 1,0,0,0,0,0,0,0,0,0

[ 0.43213402036879184,
  0.02378008161186925,
  0.07658476656048722,
  0.033216301260381054,
  0.10812898806955255,
  0.02229992857437923,
  0.07249864678017413,
  0.0167842680977716,
  0.16121607269113697,
  0.012050772119749954 ]
Result using testSet[10]: 0,1,0,0,0,0,0,0,0,0

[ 0.4321350767871348,
  0.023782793464774327,
  0.07659026677204449,
  0.03321984709485015,
  0.10813514737434708,
  0.022302582989140608,
  0.07250390168164719,
  0.016786453155563305,
  0.16122255621709566,
  0.012052478801620397 ]
Result using testSet[11]: 0,0,0,0,0,0,0,0,0,1

[ 0.43213454981957156,
  0.023781418356656148,
  0.07658747511640217,
  0.03321804928116475,
  0.10813202077024071,
  0.022301238274247136,
  0.0725012398080222,
  0.016785344626967187,
  0.16121926381138746,
  0.012051613322514677 ]
Result using testSet[12]: 0,0,0,0,0,0,0,1,0,0

[ 0.43213494629722854,
  0.023782439555338007,
  0.07658955189025464,
  0.03321938687185978,
  0.10813434201842166,
  0.02230223875714829,
  0.07250321773139919,
  0.016786168844090954,
  0.16122171090835624,
  0.012052257127293162 ]
Result using testSet[13]: 0,0,1,0,0,0,0,0,0,0

[ 0.43213453985691846,
  0.023781410315195376,
  0.07658745884004617,
  0.033218037591186196,
  0.10813200332151167,
  0.022301228816560853,
  0.07250122296596567,
  0.0167853375719709,
  0.16121924602398574,
  0.012051607687724309 ]
Result using testSet[14]: 0,0,0,0,0,0,0,0,1,0

[ 0.43213444494052244,
  0.02378116696925202,
  0.07658696824480604,
  0.03321772164921279,
  0.10813145107299385,
  0.022300991888752304,
  0.07250075200034138,
  0.016785142949357557,
  0.16121866462386156,
  0.012051455424178308 ]
Result using testSet[15]: 0,0,0,0,1,0,0,0,0,0

[ 0.4321339843844072,
  0.02377998974331759,
  0.07658457905621564,
  0.03321618076452817,
  0.10812877862437136,
  0.02229983864739373,
  0.07249847004656473,
  0.016784193742494943,
  0.16121584991648655,
  0.012050714060405953 ]
Result using testSet[16]: 0,0,0,0,0,0,0,1,0,0

[ 0.4321341378620144,
  0.023780383659033514,
  0.07658537908445592,
  0.03321669692985812,
  0.10812967256993208,
  0.022300224855785252,
  0.07249923371335638,
  0.01678451122688009,
  0.16121679551296583,
  0.012050962116397432 ]
Result using testSet[17]: 0,0,0,1,0,0,0,0,0,0

[ 0.4321339843844072,
  0.02377998974331759,
  0.07658457905621564,
  0.03321618076452817,
  0.10812877862437136,
  0.02229983864739373,
  0.07249847004656473,
  0.016784193742494943,
  0.16121584991648655,
  0.012050714060405953 ]
Result using testSet[18]: 0,0,0,0,0,0,0,0,1,0

[ 0.43213433884324215,
  0.023780892492917868,
  0.07658640815485575,
  0.03321736090740326,
  0.1081308274668573,
  0.022300722067553624,
  0.07250021865241454,
  0.016784920283792436,
  0.16121800904124778,
  0.012051281751195374 ]
Result using testSet[19]: 0,0,0,1,0,0,0,0,0,0

[ 0.43213415486622503,
  0.02378043122721895,
  0.07658547362104813,
  0.03321675853709227,
  0.10812978053816691,
  0.022300271087566426,
  0.0724993251589575,
  0.01678454953685147,
  0.1612169055806506,
  0.012050991568856875 ]
Ended: Fri May 13 2016 21:20:04 GMT+0200 (South Africa Standard Time)

