LearningRate: 0.3 hiddenLayerSize: 100
Training 1 Hidden Layer MNIST Dataset: 

Started: Fri May 13 2016 18:52:34 GMT+0200 (South Africa Standard Time)

Synaptic Train

iterations 1 error 25.21775948402851 rate 0.3
iterations 2 error 20.9936226883679 rate 0.3
iterations 3 error 19.386880788481065 rate 0.3
iterations 4 error 18.567642667973264 rate 0.3
iterations 5 error 16.70118832915488 rate 0.3
iterations 6 error 16.93568631810135 rate 0.3
iterations 7 error 15.122139345854992 rate 0.3
iterations 8 error 17.135472581921587 rate 0.3
iterations 9 error 16.900383217441735 rate 0.3
iterations 10 error 16.45530516020001 rate 0.3
Complete!! 

Ended: Fri May 13 2016 19:10:38 GMT+0200 (South Africa Standard Time)

Result using testSet[0]: 0,0,1,0,0,0,0,0,0,0

[ 2.8065414489088976e-8,
  2.985062563477151e-7,
  3.827276541724921e-11,
  1.1961325263075669e-9,
  1.2030477074817746e-21,
  0.012995908818637535,
  5.458019905789705e-10,
  9.32944317462635e-9,
  6.898740870878661e-10,
  1.512488166760659e-20 ]
Result using testSet[1]: 0,0,0,1,0,0,0,0,0,0

[ 4.442733281764681e-11,
  8.2302476995108e-13,
  1.5367202058008483e-22,
  0.9985015298088129,
  4.204662258786807e-10,
  0.0007053373062841791,
  8.933665406962743e-23,
  1.574202993533067e-10,
  1.4744065920990558e-22,
  0.000004165508043373923 ]
Result using testSet[2]: 0,1,0,0,0,0,0,0,0,0

[ 8.429206713085574e-14,
  0.9999999504586046,
  5.912443250948548e-22,
  2.057644645840944e-8,
  2.5317360384895795e-20,
  6.339151964409432e-9,
  1.9077554220612458e-21,
  3.938261740283908e-15,
  3.636109154875448e-24,
  7.381542559233059e-17 ]
Result using testSet[3]: 0,0,0,0,0,0,0,1,0,0

[ 0.0006163278203964125,
  6.263833464098483e-9,
  3.2664563098232834e-16,
  0.0008038292147190321,
  2.248138298683523e-16,
  0.8631847193366403,
  3.807929342703951e-16,
  0.000038485977441925075,
  9.568159315907785e-18,
  1.5070909648617484e-14 ]
Result using testSet[4]: 0,1,0,0,0,0,0,0,0,0

[ 8.359440784371624e-14,
  0.9999999508545385,
  5.8416460764462e-22,
  2.0378596816791102e-8,
  2.4969673704429873e-20,
  6.318401048758599e-9,
  1.8900869400697724e-21,
  3.9256891811146804e-15,
  3.6079538928444135e-24,
  7.282165390369604e-17 ]
Result using testSet[5]: 1,0,0,0,0,0,0,0,0,0

[ 0.9950322844837982,
  6.71728569660861e-11,
  2.4145521001967634e-20,
  1.416694993267013e-9,
  6.812631686754558e-23,
  0.9999994564578868,
  4.6943676820142214e-17,
  0.0003115276146661627,
  3.1808219054717077e-19,
  0.00026618896249368495 ]
Result using testSet[6]: 1,0,0,0,0,0,0,0,0,0

[ 0.9950327293002766,
  6.716724939529188e-11,
  2.4149213164857323e-20,
  1.416862502384762e-9,
  6.813839788738653e-23,
  0.9999994564735987,
  4.694908877916242e-17,
  0.00031153475722960365,
  3.18112067902756e-19,
  0.00026623708489550047 ]
Result using testSet[7]: 0,0,0,0,0,1,0,0,0,0

[ 0.9950746880961359,
  6.664274632782504e-11,
  2.44958656827127e-20,
  1.432597229173533e-9,
  6.927975423038936e-23,
  0.9999994579805593,
  4.746337534996883e-17,
  0.0003121656612137348,
  3.2096443444222163e-19,
  0.0002707377442260925 ]
Result using testSet[8]: 0,0,0,0,0,0,0,1,0,0

[ 0.30010715466253046,
  7.516740681201775e-9,
  8.201166490548326e-26,
  1.0250584652191439e-14,
  5.729054250148055e-28,
  0.9999999896980919,
  8.01571193070575e-20,
  0.999988411022553,
  2.722289531446266e-15,
  4.94161291664589e-8 ]
Result using testSet[9]: 0,0,0,0,1,0,0,0,0,0

[ 0.0001318952511195317,
  7.236785354258633e-8,
  1.7459651865752512e-16,
  0.0003951673491683942,
  1.387043345580363e-16,
  0.6257718490787952,
  1.8140962776195937e-16,
  0.000005838898986696302,
  3.553548866783866e-18,
  1.3553980413354293e-14 ]
Result using testSet[10]: 0,0,0,0,1,0,0,0,0,0

[ 4.442733281764681e-11,
  8.2302476995108e-13,
  1.5367202058008483e-22,
  0.9985015298088129,
  4.204662258786807e-10,
  0.0007053373062841791,
  8.933665406962743e-23,
  1.574202993533067e-10,
  1.4744065920990558e-22,
  0.000004165508043373923 ]
Result using testSet[11]: 0,0,0,1,0,0,0,0,0,0

[ 0.0001318952511195317,
  7.236785354258633e-8,
  1.7459651865752512e-16,
  0.0003951673491683942,
  1.387043345580363e-16,
  0.6257718490787952,
  1.8140962776195937e-16,
  0.000005838898986696302,
  3.553548866783866e-18,
  1.3553980413354293e-14 ]
Result using testSet[12]: 0,0,0,0,0,0,0,0,1,0

[ 2.8022277206990434e-8,
  2.989238327235921e-7,
  3.817395191033951e-11,
  1.193776328703793e-9,
  1.1994478122952488e-21,
  0.012989090040606503,
  5.447397565125841e-10,
  9.326260718527149e-9,
  6.887975409829676e-10,
  1.507975936300534e-20 ]
Result using testSet[13]: 0,0,1,0,0,0,0,0,0,0

[ 2.8030411383684652e-8,
  2.9883188149466473e-7,
  3.81935786298256e-11,
  1.194259985176468e-9,
  1.2001598575317459e-21,
  0.012990456749417649,
  5.449469160254478e-10,
  9.326995936059379e-9,
  6.889987838145282e-10,
  1.5088773153285607e-20 ]
Result using testSet[14]: 0,0,0,0,0,0,0,0,1,0

[ 2.80141198035444e-8,
  2.9900461615862225e-7,
  3.8155174360063145e-11,
  1.19332426927997e-9,
  1.1987624977831958e-21,
  0.01298801537806999,
  5.445412615737913e-10,
  9.325585521419252e-9,
  6.885799298833486e-10,
  1.5071146525250114e-20 ]
Result using testSet[15]: 0,0,0,0,0,1,0,0,0,0

[ 0.0006937125380485215,
  5.719781471372444e-9,
  4.162792015759051e-16,
  0.0010093945886750057,
  2.815537125862574e-16,
  0.8539160326891684,
  4.305102860338477e-16,
  0.000026471039212812584,
  8.037638981487637e-18,
  1.7783148273373896e-14 ]
Result using testSet[16]: 0,0,0,0,0,0,1,0,0,0

[ 5.175867260822535e-10,
  5.049820839028332e-13,
  8.177656298705477e-22,
  1.104263484489571e-9,
  4.336677131789525e-22,
  0.33341661344021883,
  1.2330608878331299e-17,
  6.529167092958778e-13,
  5.001653352139248e-16,
  0.050258902906768974 ]
Result using testSet[17]: 0,0,0,0,0,0,0,0,0,1

[ 0.000012833584831232442,
  9.655067474560274e-15,
  8.930851546373448e-27,
  0.000934853479732465,
  1.0197391406255549e-16,
  0.9955202004178582,
  9.755881343355677e-24,
  1.85365879291848e-9,
  5.84222188290874e-24,
  0.9999840043778343 ]
Result using testSet[18]: 0,0,0,0,0,0,1,0,0,0

[ 2.8005671454456324e-8,
  2.990860156953624e-7,
  3.8136009381045906e-11,
  1.1928557136227608e-9,
  1.1980625107462808e-21,
  0.01298694769440126,
  5.443324693588936e-10,
  9.324929206643013e-9,
  6.883536866673475e-10,
  1.5062222414467118e-20 ]
Result using testSet[19]: 0,0,0,0,0,0,0,0,0,1

[ 0.000013006089684952428,
  9.532845348215665e-15,
  9.131500098587458e-27,
  0.0009510653905702576,
  1.0465135042882568e-16,
  0.9955388372540621,
  9.922054155250437e-24,
  1.859642857086408e-9,
  5.922872363156824e-24,
  0.999984422397783 ]
Ended: Fri May 13 2016 19:10:39 GMT+0200 (South Africa Standard Time)

