LearningRate: 0.2 hiddenLayerSize: 40
hiddenLayer2Size: 20 hiddenLayer3Size: 10
Training 3 Hidden Layer MNIST Dataset: 

Started: Fri May 13 2016 21:24:59 GMT+0200 (South Africa Standard Time)

Synaptic Train

iterations 1 error 3.79621112161398 rate 0.2
iterations 2 error 3.7893953902776887 rate 0.2
iterations 3 error 3.8214987930840563 rate 0.2
iterations 4 error 3.8496063233071416 rate 0.2
iterations 5 error 3.8133938770337297 rate 0.2
iterations 6 error 3.8139377262028575 rate 0.2
iterations 7 error 3.83765050860107 rate 0.2
iterations 8 error 3.8560574739109863 rate 0.2
iterations 9 error 3.853161234610083 rate 0.2
iterations 10 error 3.8397189386564214 rate 0.2
Complete!! 

Ended: Fri May 13 2016 21:27:17 GMT+0200 (South Africa Standard Time)

Result using testSet[0]: 0,0,0,1,0,0,0,0,0,0

[ 0.06365296645403222,
  0.039761065844189966,
  0.48053843956105063,
  0.055477147509329236,
  0.26698817433311217,
  0.15855746313422334,
  0.0189604005208342,
  0.029747278595661494,
  0.011307087768633095,
  0.01854553495952179 ]
Result using testSet[1]: 0,0,0,0,0,0,0,1,0,0

[ 0.06365895999662353,
  0.0397655572764343,
  0.48053654383930905,
  0.0554825351147696,
  0.2669953450692042,
  0.15856552631150211,
  0.01896311829669498,
  0.02975115901433154,
  0.011308960055324339,
  0.01854838183514935 ]
Result using testSet[2]: 0,0,0,0,0,0,1,0,0,0

[ 0.06365088592718401,
  0.03975950841517373,
  0.4805390986933346,
  0.055475285907164607,
  0.26698569717044507,
  0.15855467105602675,
  0.01895945814242201,
  0.029745934104247397,
  0.011306439552171189,
  0.018544548459942054 ]
Result using testSet[3]: 0,0,0,0,0,1,0,0,0,0

[ 0.0636518348722986,
  0.03976021841352113,
  0.4805388131723876,
  0.055476134763782256,
  0.26698682610837826,
  0.15855594259077332,
  0.018959888361356488,
  0.029746549270933415,
  0.011306735366518774,
  0.01854499800920168 ]
Result using testSet[4]: 0,0,1,0,0,0,0,0,0,0

[ 0.06365623415934896,
  0.03976351677409666,
  0.4805374030058897,
  0.05548008405838895,
  0.26699208760591525,
  0.1585618555008649,
  0.018961882814480635,
  0.029749394995439316,
  0.01130810853984202,
  0.018547087135485838 ]
Result using testSet[5]: 0,0,0,0,1,0,0,0,0,0

[ 0.06365296645403222,
  0.039761065844189966,
  0.48053843956105063,
  0.055477147509329236,
  0.26698817433311217,
  0.15855746313422334,
  0.0189604005208342,
  0.029747278595661494,
  0.011307087768633095,
  0.01854553495952179 ]
Result using testSet[6]: 0,1,0,0,0,0,0,0,0,0

[ 0.06366028274735305,
  0.03976654707628681,
  0.48053611089501813,
  0.055483714820091894,
  0.26699691667090236,
  0.1585672975728062,
  0.018963716258613837,
  0.029752009991546112,
  0.011309371307001317,
  0.01854900781319923 ]
Result using testSet[7]: 1,0,0,0,0,0,0,0,0,0

[ 0.06365360948644042,
  0.03976154821531293,
  0.4805382330514159,
  0.05547772771676311,
  0.2669889481874943,
  0.1585583320697897,
  0.018960692532948704,
  0.02974769612121259,
  0.011307289087934609,
  0.018545840470738803 ]
Result using testSet[8]: 0,0,0,0,0,0,0,0,0,1

[ 0.0636547816175031,
  0.039762428004082945,
  0.48053786445228047,
  0.055478786405468564,
  0.26699035349544215,
  0.15855991311521023,
  0.01896122504758568,
  0.029748455666302975,
  0.011307656309658317,
  0.018546399373530857 ]
Result using testSet[9]: 0,0,0,0,0,1,0,0,0,0

[ 0.0636583270184912,
  0.03976508414285864,
  0.48053672481456877,
  0.05548196829746806,
  0.26699458353360817,
  0.15856467642326186,
  0.01896283199452762,
  0.029750746675488833,
  0.011308762666358173,
  0.018548082287337085 ]
Result using testSet[10]: 1,0,0,0,0,0,0,0,0,0

[ 0.06365234984957735,
  0.03976060661652412,
  0.48053863612515124,
  0.05547660127130111,
  0.26698744754597575,
  0.1585566419532586,
  0.018960122663278924,
  0.029746882514697027,
  0.011306896801739874,
  0.0185452441896749 ]
Result using testSet[11]: 0,0,0,0,0,0,1,0,0,0

[ 0.06365516899672906,
  0.03976271943527622,
  0.48053774105564034,
  0.05547913865457732,
  0.26699082384398376,
  0.15856043842577833,
  0.0189614018465778,
  0.029748708018484664,
  0.011307777196327464,
  0.018546585025512652 ]
Result using testSet[12]: 0,0,0,0,0,0,0,0,1,0

[ 0.06365468365060833,
  0.03976235294903499,
  0.48053790114406564,
  0.05547869102150011,
  0.26699022656920673,
  0.15855977113791975,
  0.018961179611356176,
  0.029748390535743578,
  0.01130762429452102,
  0.01854635093341159 ]
Result using testSet[13]: 0,0,0,0,1,0,0,0,0,0

[ 0.06365136607590466,
  0.03975986626689123,
  0.48053895395129936,
  0.05547571345211563,
  0.26698626334268466,
  0.15855531635733752,
  0.01895967558192785,
  0.02974624412280718,
  0.011306588418198411,
  0.01854477597762904 ]
Result using testSet[14]: 0,0,0,1,0,0,0,0,0,0

[ 0.06365136607590466,
  0.03975986626689123,
  0.48053895395129936,
  0.05547571345211563,
  0.26698626334268466,
  0.15855531635733752,
  0.01895967558192785,
  0.02974624412280718,
  0.011306588418198411,
  0.01854477597762904 ]
Result using testSet[15]: 0,0,0,0,0,0,0,0,0,1

[ 0.06366147666084052,
  0.03976744418921206,
  0.4805357272066634,
  0.05548479989040761,
  0.2669983676799876,
  0.15856891166146306,
  0.018964259337489915,
  0.02975278641926904,
  0.011309745652481286,
  0.018549576894701946 ]
Result using testSet[16]: 0,1,0,0,0,0,0,0,0,0

[ 0.06365762046997667,
  0.03976455310550834,
  0.4805369531218159,
  0.05548132750421366,
  0.26699373547846444,
  0.15856372183348202,
  0.018962510449665883,
  0.02975028888907763,
  0.01130854099548394,
  0.01854774487371182 ]
Result using testSet[17]: 0,0,1,0,0,0,0,0,0,0

[ 0.06365540313797413,
  0.039762892714848605,
  0.4805376702610768,
  0.055479340858281545,
  0.2669911005200886,
  0.15856074747468843,
  0.018961505290519473,
  0.029748856201943893,
  0.01130784910456686,
  0.018546692648029838 ]
Result using testSet[18]: 0,0,0,0,0,0,0,1,0,0

[ 0.06365315031248495,
  0.03976120569064325,
  0.4805383963823179,
  0.05547731722762823,
  0.2669883985006649,
  0.1585577125461037,
  0.01896048556313416,
  0.02974740081974237,
  0.011307146466382537,
  0.018545623540377688 ]
Result using testSet[19]: 0,0,0,0,0,0,0,0,1,0

[ 0.06365368801827076,
  0.039761607487539534,
  0.48053822087268655,
  0.055477800305596105,
  0.26698904375314236,
  0.15855843281274162,
  0.01896072873020954,
  0.02974774731490626,
  0.011307313640532786,
  0.018545878375160835 ]
Ended: Fri May 13 2016 21:27:18 GMT+0200 (South Africa Standard Time)

