LearningRate: 0.1 hiddenLayerSize: 20
hiddenLayer2Size: 20 hiddenLayer3Size: 20
Training 3 Hidden Layer MNIST Dataset: 

Started: Fri May 13 2016 21:35:40 GMT+0200 (South Africa Standard Time)

Synaptic Train

iterations 1 error 3.7040882757510514 rate 0.1
iterations 2 error 3.784353733500688 rate 0.1
iterations 3 error 3.809491728634233 rate 0.1
iterations 4 error 3.7864391956375982 rate 0.1
iterations 5 error 3.81952864668947 rate 0.1
iterations 6 error 3.802138695632798 rate 0.1
iterations 7 error 3.7958539768957755 rate 0.1
iterations 8 error 3.8125231182975066 rate 0.1
iterations 9 error 3.76161814913884 rate 0.1
iterations 10 error 3.826561419164848 rate 0.1
Complete!! 

Ended: Fri May 13 2016 21:36:32 GMT+0200 (South Africa Standard Time)

Result using testSet[0]: 0,1,0,0,0,0,0,0,0,0

[ 0.01276872697651794,
  0.09104582878543033,
  0.2751503540154072,
  0.07850185777745279,
  0.04185833540707747,
  0.026664667033941956,
  0.02342441041585539,
  0.12905203155209288,
  0.018845953888769605,
  0.30597538216338416 ]
Result using testSet[1]: 0,1,0,0,0,0,0,0,0,0

[ 0.01277204210418758,
  0.09105761889977493,
  0.27516027085172956,
  0.07851204034150376,
  0.04186569936949426,
  0.026670034542221215,
  0.0234294844847915,
  0.1290639866910471,
  0.018850321626510205,
  0.30598434332864516 ]
Result using testSet[2]: 0,0,0,0,0,0,0,0,1,0

[ 0.01276452475073734,
  0.09103088530961671,
  0.27513781245547486,
  0.07848894788088351,
  0.041848999444826236,
  0.026657872292185223,
  0.023417981546019106,
  0.12903689730660098,
  0.018840418578957657,
  0.30596404599907184 ]
Result using testSet[3]: 1,0,0,0,0,0,0,0,0,0

[ 0.012760085319752314,
  0.09101509240949056,
  0.2751245437610061,
  0.07847531455570571,
  0.04183914735849769,
  0.02665069049066427,
  0.023411192667637373,
  0.12902090060501598,
  0.018834573841455423,
  0.30595203989765524 ]
Result using testSet[4]: 0,0,0,1,0,0,0,0,0,0

[ 0.012759876913274303,
  0.09101434326856213,
  0.2751239153033222,
  0.07847466967182036,
  0.04183868600484115,
  0.026650353787895372,
  0.023410874770837704,
  0.12902016078710687,
  0.018834299501923304,
  0.3059514786086245 ]
Result using testSet[5]: 0,0,0,0,0,0,0,1,0,0

[ 0.012761575542251807,
  0.0910203939230105,
  0.2751289967712595,
  0.07847988480382959,
  0.04184245702089787,
  0.02665310083430518,
  0.02341347332056933,
  0.12902627703516428,
  0.018836535602809828,
  0.305956072525648 ]
Result using testSet[6]: 0,0,0,1,0,0,0,0,0,0

[ 0.012763086699940262,
  0.0910257688489653,
  0.27513352307538347,
  0.07848453613143898,
  0.041845817838415275,
  0.02665554853235003,
  0.023415789722528065,
  0.12903173065178472,
  0.01883853002309264,
  0.3059601359481446 ]
Result using testSet[7]: 0,0,0,0,0,1,0,0,0,0

[ 0.012759386072866617,
  0.09101260506683355,
  0.27512245643891187,
  0.07847316344625846,
  0.04183759396898422,
  0.026649558358908997,
  0.02341012382799349,
  0.12901838132491703,
  0.01883365183201048,
  0.3059501436506809 ]
Result using testSet[8]: 1,0,0,0,0,0,0,0,0,0

[ 0.012761205613306084,
  0.09101907813719548,
  0.27512789355229833,
  0.07847875210683587,
  0.04184163152596709,
  0.026652502042591165,
  0.023412905241162008,
  0.12902493595976228,
  0.018836047991761043,
  0.3059550761269276 ]
Result using testSet[9]: 0,0,0,0,0,1,0,0,0,0

[ 0.012769493215067906,
  0.09104852869045667,
  0.27515260351396686,
  0.07850420632910013,
  0.04186003216023911,
  0.02666590357144713,
  0.023425574849949508,
  0.1290547997140175,
  0.018846958869773275,
  0.3059774610254827 ]
Result using testSet[10]: 0,0,0,0,0,0,0,1,0,0

[ 0.012767547398570066,
  0.0910416370576004,
  0.2751468368238349,
  0.07849823631610371,
  0.04185571001598852,
  0.02666275769037542,
  0.023422604526644443,
  0.12904777199435757,
  0.018844397326265434,
  0.30597219899797123 ]
Result using testSet[11]: 0,0,0,0,1,0,0,0,0,0

[ 0.012759876913274303,
  0.09101434326856213,
  0.2751239153033222,
  0.07847466967182036,
  0.04183868600484115,
  0.026650353787895372,
  0.023410874770837704,
  0.12902016078710687,
  0.018834299501923304,
  0.3059514786086245 ]
Result using testSet[12]: 0,0,1,0,0,0,0,0,0,0

[ 0.012767104157105873,
  0.09104005251868326,
  0.27514551206962246,
  0.07849686477543884,
  0.04185473439031472,
  0.026662049481558935,
  0.023421930225796847,
  0.12904621269006358,
  0.018843816866975702,
  0.30597102850578156 ]
Result using testSet[13]: 0,0,0,0,0,0,0,0,1,0

[ 0.01276445664938539,
  0.09103063583950788,
  0.2751376029889115,
  0.07848873905354103,
  0.041848852708770874,
  0.026657762843528485,
  0.02341787887160843,
  0.1290366592454163,
  0.0188403296986838,
  0.30596386226258204 ]
Result using testSet[14]: 0,0,1,0,0,0,0,0,0,0

[ 0.01276361368793782,
  0.09102765062815883,
  0.2751351115084931,
  0.07848615962331595,
  0.041846985980183965,
  0.0266564023310982,
  0.023416596083699403,
  0.12903361839095456,
  0.01883922490036463,
  0.3059615597257906 ]
Result using testSet[15]: 0,0,0,0,0,0,1,0,0,0

[ 0.012767877918975715,
  0.09104280915047608,
  0.2751478452587384,
  0.07849924604428407,
  0.041856433385730044,
  0.026663296794441353,
  0.02342310784926148,
  0.1290489768527645,
  0.018844832962198455,
  0.30597311109284864 ]
Result using testSet[16]: 0,0,0,0,0,0,0,0,0,1

[ 0.01277079224522052,
  0.09105316440925329,
  0.27515653406925555,
  0.0785082132440528,
  0.04186291129713743,
  0.02666800890719873,
  0.023427564851129627,
  0.12905946407048466,
  0.01884867595822285,
  0.3059809538491812 ]
Result using testSet[17]: 0,0,0,0,0,0,1,0,0,0

[ 0.01275866250274745,
  0.09101003178520506,
  0.2751203039641108,
  0.07847093970426602,
  0.04183599439643639,
  0.026648393006637915,
  0.02340902152706797,
  0.12901578524910146,
  0.01883270148040447,
  0.30594819190696954 ]
Result using testSet[18]: 0,0,0,0,1,0,0,0,0,0

[ 0.012763086699940262,
  0.0910257688489653,
  0.27513352307538347,
  0.07848453613143898,
  0.041845817838415275,
  0.02665554853235003,
  0.023415789722528065,
  0.12903173065178472,
  0.01883853002309264,
  0.3059601359481446 ]
Result using testSet[19]: 0,0,0,0,0,0,0,0,0,1

[ 0.012769217084637085,
  0.09104755030558427,
  0.27515181175176584,
  0.07850336422197972,
  0.04185939920364126,
  0.026665456907522332,
  0.0234251476342415,
  0.12905379790390134,
  0.018846595302564093,
  0.30597674937528985 ]
Ended: Fri May 13 2016 21:36:32 GMT+0200 (South Africa Standard Time)

