LearningRate: 0.3 hiddenLayerSize: 25
hiddenLayer2Size: 50 hiddenLayer3Size: 25
Training 3 Hidden Layer MNIST Dataset: 

Started: Fri May 13 2016 19:21:05 GMT+0200 (South Africa Standard Time)

Synaptic Train

iterations 1 error 7.115278691252323 rate 0.3
iterations 2 error 7.238494326127107 rate 0.3
iterations 3 error 7.229231318797966 rate 0.3
iterations 4 error 7.038426626866396 rate 0.3
iterations 5 error 7.0913088782913904 rate 0.3
iterations 6 error 7.211607855291496 rate 0.3
iterations 7 error 7.191426156662719 rate 0.3
iterations 8 error 7.136818906956898 rate 0.3
iterations 9 error 7.0409793129796565 rate 0.3
iterations 10 error 7.154835185463085 rate 0.3
Complete!! 

Ended: Fri May 13 2016 19:24:12 GMT+0200 (South Africa Standard Time)

Result using testSet[0]: 0,0,0,0,0,0,1,0,0,0

[ 0.9121144228012986,
  0.0107136273228282,
  0.006044424876573411,
  0.00801733743109807,
  0.006693287014826931,
  0.00905578619665062,
  0.007900067603686289,
  0.00822004076966958,
  0.0031237239783132365,
  0.006684769245372848 ]
Result using testSet[1]: 1,0,0,0,0,0,0,0,0,0

[ 0.9121143456794434,
  0.010713645792990851,
  0.006044436783441403,
  0.008017351664189981,
  0.006693299596284033,
  0.009055802293537644,
  0.007900081622224636,
  0.008220055576803028,
  0.0031237307501818766,
  0.006684781607826813 ]
Result using testSet[2]: 0,0,0,0,0,0,0,0,1,0

[ 0.9121135479942463,
  0.010713832207698969,
  0.00604455716304593,
  0.00801749615022806,
  0.00669342714605303,
  0.009055964482502716,
  0.007900224371643819,
  0.008220204815387478,
  0.00312379924320614,
  0.006684907383442357 ]
Result using testSet[3]: 0,0,1,0,0,0,0,0,0,0

[ 0.9121135493728106,
  0.01071383180329762,
  0.006044556948558794,
  0.008017495991531936,
  0.006693426918422642,
  0.009055964262345714,
  0.007900224103085678,
  0.008220204516063504,
  0.00312379917494348,
  0.0066849071610372264 ]
Result using testSet[4]: 0,0,0,0,0,0,0,1,0,0

[ 0.912114050663619,
  0.010713714911583717,
  0.006044481445294313,
  0.008017405253875825,
  0.006693346906207019,
  0.009055862524056046,
  0.007900134544405399,
  0.008220110908060532,
  0.0031237561766112596,
  0.006684828214114236 ]
Result using testSet[5]: 1,0,0,0,0,0,0,0,0,0

[ 0.9121140591756837,
  0.010713712833314244,
  0.006044480097574487,
  0.008017403698432702,
  0.006693345468945499,
  0.009055860706976981,
  0.007900132951125604,
  0.00822010922605555,
  0.0031237554199338552,
  0.006684826772500357 ]
Result using testSet[6]: 0,0,0,0,1,0,0,0,0,0

[ 0.9121143473006894,
  0.010713645143846767,
  0.006044436363831602,
  0.008017351186394482,
  0.0066932991905952815,
  0.009055801691763603,
  0.007900081258287157,
  0.008220055015005832,
  0.0031237305351281175,
  0.006684781238820123 ]
Result using testSet[7]: 0,0,1,0,0,0,0,0,0,0

[ 0.9121132342562771,
  0.010713905133373655,
  0.006044604423616371,
  0.00801755304267455,
  0.0066934771765739965,
  0.00905602830587303,
  0.007900280271127798,
  0.008220263264969298,
  0.003123826157079187,
  0.006684956699588591 ]
Result using testSet[8]: 0,0,0,0,0,1,0,0,0,0

[ 0.9121143672587312,
  0.010713640690753517,
  0.006044433486720577,
  0.008017347705838923,
  0.0066932961123920024,
  0.009055797840886415,
  0.007900077738123875,
  0.008220051475219366,
  0.003123728872203209,
  0.006684778161002953 ]
Result using testSet[9]: 0,0,0,0,0,0,0,0,1,0

[ 0.9121136164824947,
  0.010713816070567914,
  0.006044546832286318,
  0.008017483801206147,
  0.0066934161694504725,
  0.009055950607664053,
  0.007900212060471323,
  0.00822019193874429,
  0.0031237933927046073,
  0.006684896550480472 ]
Result using testSet[10]: 0,0,0,1,0,0,0,0,0,0

[ 0.9121137619452062,
  0.010713782028684102,
  0.006044524815883862,
  0.008017457397501978,
  0.006693392917718359,
  0.009055920979411524,
  0.00790018604677737,
  0.008220164608074473,
  0.003123780885820833,
  0.006684873625601021 ]
Result using testSet[11]: 0,0,0,0,0,0,0,0,0,1

[ 0.9121135613405225,
  0.01071382904063632,
  0.006044555176017866,
  0.00801749381631609,
  0.0066934250370948925,
  0.00905596186820764,
  0.007900222007898808,
  0.008220202258650064,
  0.00312379816304415,
  0.006684905297444466 ]
Result using testSet[12]: 0,0,0,0,0,0,1,0,0,0

[ 0.9121134622980529,
  0.010713852199411188,
  0.006044570139017401,
  0.008017511860855756,
  0.006693440860936459,
  0.009055982015619185,
  0.007900239756018028,
  0.00822022086634701,
  0.003123806687966036,
  0.006684920862974998 ]
Result using testSet[13]: 0,1,0,0,0,0,0,0,0,0

[ 0.9121119415347073,
  0.01071420723377741,
  0.006044799603519509,
  0.008017787372342516,
  0.006693684077961947,
  0.009056291563062977,
  0.007900511713112093,
  0.00822050510022794,
  0.003123937315503294,
  0.006685160569177175 ]
Result using testSet[14]: 0,0,0,1,0,0,0,0,0,0

[ 0.9121143473006894,
  0.010713645143846767,
  0.006044436363831602,
  0.008017351186394482,
  0.0066932991905952815,
  0.009055801691763603,
  0.007900081258287157,
  0.008220055015005832,
  0.0031237305351281175,
  0.006684781238820123 ]
Result using testSet[15]: 0,0,0,0,0,1,0,0,0,0

[ 0.9121125128669255,
  0.010714072872710135,
  0.006044712824166153,
  0.008017683159222973,
  0.0066935920941736575,
  0.009056174252931497,
  0.007900409014717707,
  0.008220397431243745,
  0.00312388784392362,
  0.0066850700944783206 ]
Result using testSet[16]: 0,1,0,0,0,0,0,0,0,0

[ 0.9121126247622167,
  0.010714047777042926,
  0.006044696571099907,
  0.008017663582556782,
  0.00669357487633079,
  0.009056152582742753,
  0.007900389520435432,
  0.008220377535804083,
  0.0031238786430990025,
  0.0066850529864884095 ]
Result using testSet[17]: 0,0,0,0,0,0,0,1,0,0

[ 0.912112449431896,
  0.010714089045860475,
  0.006044723165625735,
  0.00801769547486258,
  0.006693602969255599,
  0.009056188349962547,
  0.00790042102225115,
  0.008220410519380236,
  0.003123893715282077,
  0.006685080676813049 ]
Result using testSet[18]: 0,0,0,0,1,0,0,0,0,0

[ 0.9121137619452062,
  0.010713782028684102,
  0.006044524815883862,
  0.008017457397501978,
  0.006693392917718359,
  0.009055920979411524,
  0.00790018604677737,
  0.008220164608074473,
  0.003123780885820833,
  0.006684873625601021 ]
Result using testSet[19]: 0,0,0,0,0,0,0,0,0,1

[ 0.912112482659711,
  0.010714080494997913,
  0.006044717682567478,
  0.008017688966508639,
  0.006693597274114376,
  0.009056180909239446,
  0.00790041476263824,
  0.00822040359483895,
  0.003123890645443698,
  0.006685075045750407 ]
Ended: Fri May 13 2016 19:24:12 GMT+0200 (South Africa Standard Time)

