LearningRate: 0.3 hiddenLayerSize: 50
hiddenLayer2Size: 50
Training 2 Hidden Layer MNIST Dataset: 

Started: Fri May 13 2016 18:52:36 GMT+0200 (South Africa Standard Time)

Synaptic Train

iterations 1 error 13.579141802549136 rate 0.3
iterations 2 error 13.918781153165188 rate 0.3
iterations 3 error 13.68188869593232 rate 0.3
iterations 4 error 13.966400906380482 rate 0.3
iterations 5 error 13.705195781711677 rate 0.3
iterations 6 error 14.120244682331546 rate 0.3
iterations 7 error 13.836942593523935 rate 0.3
iterations 8 error 13.531639258263477 rate 0.3
iterations 9 error 13.77157524266658 rate 0.3
iterations 10 error 13.750266157976949 rate 0.3
Complete!! 

Ended: Fri May 13 2016 19:01:33 GMT+0200 (South Africa Standard Time)

Result using testSet[0]: 0,0,0,0,0,0,0,1,0,0

[ 0.0001637738509596024,
  0.9984375941430601,
  0.00016794389561285928,
  0.00015202147826461185,
  0.00015520147001665694,
  0.0001619724180362895,
  0.00016144318391583427,
  0.0001544687842073081,
  0.00016488659809299816,
  0.00016612188825937567 ]
Result using testSet[1]: 0,0,0,1,0,0,0,0,0,0

[ 0.00016376130338935499,
  0.9984376847083882,
  0.00016793105302019304,
  0.00015200958599960554,
  0.00015518942312352154,
  0.0001619599591689042,
  0.00016143070349851346,
  0.00015445690296253843,
  0.0001648739744656477,
  0.00016610925428671227 ]
Result using testSet[2]: 0,0,1,0,0,0,0,0,0,0

[ 0.00016378161915306649,
  0.9984375378305439,
  0.00016795180509666854,
  0.00015202881726212106,
  0.0001552089050819735,
  0.00016198003898786905,
  0.00016145084480502451,
  0.0001544760798273924,
  0.00016489435893711843,
  0.00016612962907476997 ]
Result using testSet[3]: 0,0,1,0,0,0,0,0,0,0

[ 0.0001637669424208126,
  0.9984376439490881,
  0.00016793682694473463,
  0.00015201491947447644,
  0.00015519483164902403,
  0.00016196554246007306,
  0.00016143630553875664,
  0.0001544622221587015,
  0.00016487964005093198,
  0.00016611493398797553 ]
Result using testSet[4]: 0,1,0,0,0,0,0,0,0,0

[ 0.00016379264818057416,
  0.9984374585230067,
  0.00016796313619995274,
  0.00015203924039180894,
  0.00015521953214318873,
  0.00016199101297130714,
  0.0001614617975365281,
  0.00015448652475491586,
  0.00016490551683624605,
  0.00016614082681160026 ]
Result using testSet[5]: 0,1,0,0,0,0,0,0,0,0

[ 0.00016377484217025142,
  0.9984375874034709,
  0.00016794490022982447,
  0.0001520223855138211,
  0.00015520242061925534,
  0.00016197336657800015,
  0.00016144412849473764,
  0.00015446969702288043,
  0.00016488759879678457,
  0.00016612288623247238 ]
Result using testSet[6]: 0,0,0,0,0,0,0,0,0,1

[ 0.00016376837864735263,
  0.9984376336220577,
  0.00016793830542896466,
  0.00015201630488883587,
  0.00015519622066699566,
  0.00016196700926499635,
  0.00016143775705317496,
  0.0001544636016951293,
  0.00016488110244802765,
  0.00016611638971845318 ]
Result using testSet[7]: 0,0,0,0,1,0,0,0,0,0

[ 0.00016375946249454567,
  0.9984376980615386,
  0.00016792917212613107,
  0.00015200784616543837,
  0.00015518766485239803,
  0.00016195814617768302,
  0.00016142888053253315,
  0.00015445516377138131,
  0.00016487212587849628,
  0.0001661074119287477 ]
Result using testSet[8]: 0,0,0,0,1,0,0,0,0,0

[ 0.00016376130338935499,
  0.9984376847083882,
  0.00016793105302019304,
  0.00015200958599960554,
  0.00015518942312352154,
  0.0001619599591689042,
  0.00016143070349851346,
  0.00015445690296253843,
  0.0001648739744656477,
  0.00016610925428671227 ]
Result using testSet[9]: 1,0,0,0,0,0,0,0,0,0

[ 0.00016375874153464975,
  0.9984377032840654,
  0.00016792843594806887,
  0.0001520071624017616,
  0.00015518697179997402,
  0.0001619574343393969,
  0.00016142816268191175,
  0.0001544544785208896,
  0.00016487139993040428,
  0.0001661066883230458 ]
Result using testSet[10]: 0,0,0,0,0,1,0,0,0,0

[ 0.00016375880312786249,
  0.9984377028639863,
  0.00016792850082606966,
  0.00015200722244969255,
  0.00015518703083348525,
  0.0001619574957952382,
  0.00016142823029401015,
  0.00015445453801819835,
  0.00016487146044539053,
  0.00016610675059232317 ]
Result using testSet[11]: 0,0,0,0,0,0,0,0,0,1

[ 0.00016378719492201026,
  0.9984374980872271,
  0.00016795750995778403,
  0.00015203408868450102,
  0.00015521425429018316,
  0.00016198560629397663,
  0.0001614563831756482,
  0.0001544813574468892,
  0.00016489998494019912,
  0.00016613527779147386 ]
Result using testSet[12]: 0,0,0,0,0,0,0,0,1,0

[ 0.00016376545718164108,
  0.9984376545851141,
  0.00016793531464387218,
  0.00015201352023906916,
  0.00015519340703868396,
  0.0001619640975628579,
  0.00016143484229765406,
  0.00015446082878308422,
  0.00016487816178311197,
  0.00016611345620954902 ]
Result using testSet[13]: 0,0,0,1,0,0,0,0,0,0

[ 0.00016375946249454567,
  0.9984376980615386,
  0.00016792917212613107,
  0.00015200784616543837,
  0.00015518766485239803,
  0.00016195814617768302,
  0.00016142888053253315,
  0.00015445516377138131,
  0.00016487212587849628,
  0.0001661074119287477 ]
Result using testSet[14]: 0,0,0,0,0,0,1,0,0,0

[ 0.00016375862858425145,
  0.9984377040936788,
  0.000167928325877738,
  0.0001520070591788135,
  0.00015518686758451636,
  0.00016195732584581117,
  0.0001614280557387606,
  0.00015445437411051763,
  0.00016487128608191527,
  0.00016610658133367338 ]
Result using testSet[15]: 0,0,0,0,0,1,0,0,0,0

[ 0.00016379121472204339,
  0.9984374687257973,
  0.00016796154595867866,
  0.000152037852644247,
  0.00015521803486369162,
  0.0001619894982731033,
  0.000161460303479543,
  0.00015448509466472042,
  0.0001649039185645205,
  0.00016613919004981515 ]
Result using testSet[16]: 0,0,0,0,0,0,0,0,1,0

[ 0.00016376493608977682,
  0.99843765853758,
  0.0001679347787634105,
  0.00015201302967486141,
  0.00015519291634767752,
  0.00016196357687103095,
  0.0001614343224856432,
  0.0001544603408706763,
  0.00016487762852050502,
  0.0001661129282940049 ]
Result using testSet[17]: 0,0,0,0,0,0,0,1,0,0

[ 0.0001637597012486038,
  0.9984376963089322,
  0.00016792942217139247,
  0.00015200807650160683,
  0.00015518789443174792,
  0.00016195838983545504,
  0.00016142912035332224,
  0.00015445539112557847,
  0.0001648723689417102,
  0.00016610766028996572 ]
Result using testSet[18]: 1,0,0,0,0,0,0,0,0,0

[ 0.00016376103772572741,
  0.9984376867480359,
  0.00016793078244524236,
  0.00015200933198820384,
  0.00015518917172848402,
  0.00016195971097541988,
  0.00016143044072378904,
  0.0001544566489276081,
  0.00016487371011781089,
  0.00016610899799268365 ]
Result using testSet[19]: 0,0,0,0,0,0,1,0,0,0

[ 0.00016376804798949983,
  0.9984376361646738,
  0.00016793791915910755,
  0.0001520159543638025,
  0.0001551958637841395,
  0.00016196664720499087,
  0.00016143739504222775,
  0.0001544632541051493,
  0.00016488073297270405,
  0.00016611602146401563 ]
Ended: Fri May 13 2016 19:01:34 GMT+0200 (South Africa Standard Time)

Training 1 Hidden Layer MNIST Dataset: 

Started: Fri May 13 2016 19:01:34 GMT+0200 (South Africa Standard Time)

Synaptic Train

iterations 1 error 13.663725781369456 rate 0.3
iterations 2 error 13.72366908216423 rate 0.3
iterations 3 error 13.92979416073752 rate 0.3
iterations 4 error 13.64862596464698 rate 0.3
iterations 5 error 13.180542876110765 rate 0.3
iterations 6 error 12.57571605743241 rate 0.3
iterations 7 error 12.075161889939862 rate 0.3
iterations 8 error 12.11236163957356 rate 0.3
iterations 9 error 12.075441893227092 rate 0.3
iterations 10 error 12.085910049672108 rate 0.3
Complete!! 

Ended: Fri May 13 2016 19:09:55 GMT+0200 (South Africa Standard Time)

Result using testSet[0]: 0,0,0,0,0,0,0,0,1,0

[ 0.0003806598815573611,
  0.000895337652887382,
  0.000026527761135871393,
  0.9960961269576358,
  0.00004705043275232593,
  0.000038670912432906446,
  0.00008909880370354892,
  0.000021048315655461864,
  0.0003344157887642484,
  0.00010059487254527508 ]
Result using testSet[1]: 0,0,0,0,0,0,0,0,1,0

[ 0.00038061578111522697,
  0.000895369581730881,
  0.000026523874321282847,
  0.9960960619645424,
  0.000047043405005338725,
  0.00003866539388512314,
  0.00008908658383383709,
  0.000021045112526536624,
  0.00033437491615151226,
  0.00010058043227457031 ]
Result using testSet[2]: 0,1,0,0,0,0,0,0,0,0

[ 5.427086194425745e-7,
  0.9957020702857018,
  2.501221515076162e-8,
  0.06811460530658078,
  1.7058680818959037e-8,
  2.3271678979393397e-8,
  5.418646972070509e-8,
  1.0756645727512147e-8,
  6.01698493603739e-7,
  2.1540682158885757e-8 ]
Result using testSet[3]: 0,0,0,0,0,0,0,0,0,1

[ 0.00038232240546770167,
  0.0008938561919562552,
  0.000026671046146549827,
  0.9960996406033937,
  0.00004730926937986544,
  0.00003888018242277138,
  0.00008954410923621881,
  0.00002116952384350594,
  0.0003358637046683415,
  0.00010117464897480996 ]
Result using testSet[4]: 1,0,0,0,0,0,0,0,0,0

[ 0.0003805919649114556,
  0.0008953839770202826,
  0.000026521731917452873,
  0.9960960373349881,
  0.00004703946834354001,
  0.00003866232064484996,
  0.00008907950935195832,
  0.00002104332071278914,
  0.0003343521221018534,
  0.00010057226789375477 ]
Result using testSet[5]: 0,0,0,0,0,0,1,0,0,0

[ 0.00038069683803518056,
  0.0008952953070263478,
  0.00002653087611957397,
  0.9960962284492686,
  0.000047055750130466656,
  0.00003867526630551443,
  0.00008910826509627352,
  0.000021050869489862613,
  0.00033444627632689395,
  0.00010060809660157146 ]
Result using testSet[6]: 0,0,0,0,0,0,0,1,0,0

[ 0.0003805942209980292,
  0.0008953833156609072,
  0.00002652194059346351,
  0.9960960396205635,
  0.00004703985633054825,
  0.000038662622819900786,
  0.00008908019771330453,
  0.00002104351000641101,
  0.0003343542887710408,
  0.00010057313925335523 ]
Result using testSet[7]: 0,0,0,0,0,0,1,0,0,0

[ 0.0003805917890550718,
  0.0008953840121933745,
  0.000026521714762496693,
  0.9960960373106411,
  0.000047039436625576536,
  0.0000386622964798435,
  0.00008907944924020452,
  0.000021043305545916942,
  0.00033435194222708616,
  0.00010057219331667057 ]
Result using testSet[8]: 0,0,1,0,0,0,0,0,0,0

[ 0.0003806701890145008,
  0.0008953303158059818,
  0.00002652864518241349,
  0.9960961627238553,
  0.000047051775963423976,
  0.00003867219057171983,
  0.00008910144125661278,
  0.000021049025567827015,
  0.00033442356448821115,
  0.00010059853534890262 ]
Result using testSet[9]: 0,0,0,0,1,0,0,0,0,0

[ 0.0003805990962317459,
  0.0008953811813800775,
  0.0000265223619344025,
  0.9960960471554402,
  0.00004704061421785608,
  0.00003866323748710641,
  0.00008908160512070235,
  0.000021043866899869925,
  0.00033435857050989333,
  0.00010057475738611777 ]
Result using testSet[10]: 0,0,0,0,0,0,0,0,0,1

[ 0.00038070498004562055,
  0.000895273888844352,
  0.00002653155710054103,
  0.9960962364084218,
  0.00004705729385730498,
  0.00003867638841828089,
  0.00008911051146327946,
  0.000021051549834775646,
  0.00033445426405561595,
  0.00010061144051701073 ]
Result using testSet[11]: 1,0,0,0,0,0,0,0,0,0

[ 0.0003805978590446541,
  0.0008953788900440484,
  0.000026522233782439314,
  0.9960960476232166,
  0.00004704037912313829,
  0.00003866306183890369,
  0.00008908110906086591,
  0.00002104374589742162,
  0.0003343573923126607,
  0.00010057423161658201 ]
Result using testSet[12]: 0,0,0,0,0,1,0,0,0,0

[ 0.0003814939346043645,
  0.0008947894930481059,
  0.000026597359957755558,
  0.9960973370846644,
  0.00004717846603188325,
  0.000038776859339385454,
  0.00008933160013676807,
  0.000021108266627075848,
  0.00033513521369332055,
  0.00010086598027868443 ]
Result using testSet[13]: 0,0,0,0,1,0,0,0,0,0

[ 0.00038059344830107105,
  0.000895382440373385,
  0.000026521855811277757,
  0.9960960407638731,
  0.000047039699079108,
  0.000038662504606138765,
  0.00008907988827806252,
  0.000021043426518515874,
  0.0003343534091136079,
  0.00010057275515443441 ]
Result using testSet[14]: 0,0,0,0,0,0,0,1,0,0

[ 0.0003808646278364284,
  0.0008951806325829981,
  0.000026545557369626894,
  0.9960964058360744,
  0.000047082402552331544,
  0.00003869743582669376,
  0.00008915311131254087,
  0.000021063697439604694,
  0.00033459353593325844,
  0.00010066402902076234 ]
Result using testSet[15]: 0,0,0,0,0,1,0,0,0,0

[ 0.0003805937764282795,
  0.0008953822765453522,
  0.000026521886412471827,
  0.996096041685848,
  0.00004703974852211169,
  0.00003866254372947378,
  0.00008907998098418865,
  0.000021043451143264376,
  0.00033435366526471204,
  0.00010057287878722182 ]
Result using testSet[16]: 0,0,0,1,0,0,0,0,0,0

[ 0.00038059344830107105,
  0.000895382440373385,
  0.000026521855811277757,
  0.9960960407638731,
  0.000047039699079108,
  0.000038662504606138765,
  0.00008907988827806252,
  0.000021043426518515874,
  0.0003343534091136079,
  0.00010057275515443441 ]
Result using testSet[17]: 0,1,0,0,0,0,0,0,0,0

[ 5.308115455865333e-7,
  0.995889511121963,
  2.4438046181635004e-8,
  0.06628354921644895,
  1.6611079026004154e-8,
  2.2701581240122038e-8,
  5.285927169304763e-8,
  1.0489111981262327e-8,
  5.890575573586188e-7,
  2.0937352910612147e-8 ]
Result using testSet[18]: 0,0,1,0,0,0,0,0,0,0

[ 0.00038080028653403395,
  0.0008952246380080607,
  0.00002653945850685951,
  0.9960963884591337,
  0.000047070848524706,
  0.00003868809261078159,
  0.00008913526445186392,
  0.000021057953807574113,
  0.0003345312273237237,
  0.00010063708110065925 ]
Result using testSet[19]: 0,0,0,1,0,0,0,0,0,0

[ 0.0003805990962317459,
  0.0008953811813800775,
  0.0000265223619344025,
  0.9960960471554402,
  0.00004704061421785608,
  0.00003866323748710641,
  0.00008908160512070235,
  0.000021043866899869925,
  0.00033435857050989333,
  0.00010057475738611777 ]
Ended: Fri May 13 2016 19:09:56 GMT+0200 (South Africa Standard Time)

