LearningRate: 0.2 hiddenLayerSize: 50
hiddenLayer2Size: 50
Training 2 Hidden Layer MNIST Dataset: 

Started: Fri May 13 2016 19:20:55 GMT+0200 (South Africa Standard Time)

Synaptic Train

iterations 1 error 9.099641366585107 rate 0.2
iterations 2 error 9.378963093104808 rate 0.2
iterations 3 error 9.297211484789804 rate 0.2
iterations 4 error 9.29961398543107 rate 0.2
iterations 5 error 9.272032419591685 rate 0.2
iterations 6 error 9.343386069684948 rate 0.2
iterations 7 error 9.21525966473154 rate 0.2
iterations 8 error 9.316787676939901 rate 0.2
iterations 9 error 9.172782970605343 rate 0.2
iterations 10 error 9.202069212000243 rate 0.2
Complete!! 

Ended: Fri May 13 2016 19:25:57 GMT+0200 (South Africa Standard Time)

Result using testSet[0]: 0,0,0,0,0,0,0,0,1,0

[ 0.0019292384083166383,
  0.001354071731884703,
  0.0027912771847527595,
  0.00198357478203241,
  0.001775766556820912,
  0.002283260214858456,
  0.0026599610058065997,
  0.0015364297987561248,
  0.0015605783491648918,
  0.9859945590772335 ]
Result using testSet[1]: 0,1,0,0,0,0,0,0,0,0

[ 0.0019297636809897003,
  0.00135447404498402,
  0.0027920003123951785,
  0.001984106468334743,
  0.0017762550995302083,
  0.002283864334327294,
  0.002660648324239007,
  0.0015368555585853338,
  0.001561014926411767,
  0.9859918755056678 ]
Result using testSet[2]: 0,0,1,0,0,0,0,0,0,0

[ 0.0019294375546970762,
  0.0013542235730895236,
  0.0027915501138240234,
  0.001983775374496348,
  0.001775951581609517,
  0.002283487446628852,
  0.0026602197201464448,
  0.001536591049843637,
  0.0015607430434906762,
  0.9859935455161303 ]
Result using testSet[3]: 0,0,0,0,0,0,0,0,0,1

[ 0.001929271257700453,
  0.0013540966164573304,
  0.002791321851632145,
  0.001983607742412473,
  0.001775797737041715,
  0.002283297623056343,
  0.002660004042935651,
  0.001536455957136727,
  0.0015606054810134232,
  0.9859943961815629 ]
Result using testSet[4]: 0,0,0,0,0,1,0,0,0,0

[ 0.0019298309982970952,
  0.001354524183537914,
  0.002792092077485573,
  0.001984174146663991,
  0.0017763191802479803,
  0.0022839373711200104,
  0.0026607360882087037,
  0.0015369113934801054,
  0.0015610693785055257,
  0.9859915440553769 ]
Result using testSet[5]: 0,0,0,0,0,0,0,0,1,0

[ 0.0019293017377078419,
  0.001354120710473523,
  0.00279136436898334,
  0.00198363932027931,
  0.001775825634119105,
  0.002283333973595855,
  0.0026600442784802383,
  0.0015364810414342867,
  0.0015606305554992375,
  0.9859942398294295 ]
Result using testSet[6]: 0,1,0,0,0,0,0,0,0,0

[ 0.0019294747515447726,
  0.0013542529861301652,
  0.0027916022963739907,
  0.001983814500251556,
  0.0017759866897599347,
  0.0022835319527932064,
  0.0026602700339078546,
  0.0015366216856711756,
  0.0015607748976063087,
  0.9859933469387178 ]
Result using testSet[7]: 1,0,0,0,0,0,0,0,0,0

[ 0.0019291497138966118,
  0.0013540035590304791,
  0.0027911541503659056,
  0.0019834844468112783,
  0.0017756845649360856,
  0.0022831579855870096,
  0.0026598439052340885,
  0.0015363571829698206,
  0.0015605038102379275,
  0.9859950184702341 ]
Result using testSet[8]: 0,0,0,0,0,0,0,0,0,1

[ 0.0019297119573465375,
  0.0013544323740885631,
  0.0027919284659093215,
  0.0019840525456033572,
  0.0017762102793483325,
  0.0022838025136269063,
  0.002660581296012813,
  0.0015368128765979297,
  0.0015609700574883121,
  0.9859921539042783 ]
Result using testSet[9]: 0,0,0,0,0,0,0,1,0,0

[ 0.0019291507296634255,
  0.0013540044746136492,
  0.002791155337714072,
  0.001983485385822445,
  0.001775684093880332,
  0.002283159217744211,
  0.0026598452600516283,
  0.0015363584232288422,
  0.001560505051372216,
  0.985995006783775 ]
Result using testSet[10]: 0,0,0,0,1,0,0,0,0,0

[ 0.0019291815076163794,
  0.0013540284304642577,
  0.00279119804818159,
  0.001983516840548506,
  0.001775713254845972,
  0.0022831947316226484,
  0.002659885531339595,
  0.0015363834686262458,
  0.0015605308856959713,
  0.9859948498934669 ]
Result using testSet[11]: 0,0,0,0,0,0,1,0,0,0

[ 0.0019290925742665793,
  0.0013539601400148892,
  0.0027910757474938035,
  0.001983426654364321,
  0.0017756312026231886,
  0.0022830922220590005,
  0.0026597690089237387,
  0.0015363109267019937,
  0.0015604566516595041,
  0.9859953089530689 ]
Result using testSet[12]: 0,0,0,0,0,0,0,1,0,0

[ 0.0019295904625548548,
  0.0013543394004053937,
  0.0027917611857424533,
  0.0019839293996285535,
  0.0017760947354733415,
  0.0022836635938927687,
  0.002660419477640273,
  0.0015367141008712046,
  0.0015608691178600881,
  0.9859927714579816 ]
Result using testSet[13]: 0,0,0,0,0,0,1,0,0,0

[ 0.0019292649221213417,
  0.0013540918635895685,
  0.0027913135994333087,
  0.0019836014754138456,
  0.0017757923082847196,
  0.0022832905404102303,
  0.0026599955000500236,
  0.0015364509563786503,
  0.0015605999304186089,
  0.9859944285009359 ]
Result using testSet[14]: 0,0,0,0,0,1,0,0,0,0

[ 0.001929116182754194,
  0.0013539777754470637,
  0.002791107760198828,
  0.0019834504134552053,
  0.0017756529904509651,
  0.0022831190878215787,
  0.0026598001129783614,
  0.0015363298035797719,
  0.0015604758884128806,
  0.9859951891851249 ]
Result using testSet[15]: 1,0,0,0,0,0,0,0,0,0

[ 0.001929102279249631,
  0.0013539675634661064,
  0.0027910890277449254,
  0.0019834364402372094,
  0.001775640188828686,
  0.002283103550216435,
  0.002659781559244177,
  0.0015363187946339052,
  0.001560464674271928,
  0.9859952582802781 ]
Result using testSet[16]: 0,0,0,0,1,0,0,0,0,0

[ 0.0019291085425994408,
  0.001353972226102977,
  0.002791097472486762,
  0.001983442534319323,
  0.0017756459837393569,
  0.002283110319889849,
  0.002659789507389209,
  0.0015363238072163454,
  0.0015604697611941542,
  0.9859952281198311 ]
Result using testSet[17]: 0,0,1,0,0,0,0,0,0,0

[ 0.0019293020446410738,
  0.001354120524451869,
  0.0027913648587069503,
  0.001983639095063894,
  0.0017758257176634644,
  0.002283334352605995,
  0.00266004376151617,
  0.0015364808421107418,
  0.001560630574666917,
  0.9859942383443899 ]
Result using testSet[18]: 0,0,0,1,0,0,0,0,0,0

[ 0.0019291085425994408,
  0.001353972226102977,
  0.002791097472486762,
  0.001983442534319323,
  0.0017756459837393569,
  0.002283110319889849,
  0.002659789507389209,
  0.0015363238072163454,
  0.0015604697611941542,
  0.9859952281198311 ]
Result using testSet[19]: 0,0,0,1,0,0,0,0,0,0

[ 0.0019291815076163794,
  0.0013540284304642577,
  0.00279119804818159,
  0.001983516840548506,
  0.001775713254845972,
  0.0022831947316226484,
  0.002659885531339595,
  0.0015363834686262458,
  0.0015605308856959713,
  0.9859948498934669 ]
Ended: Fri May 13 2016 19:25:57 GMT+0200 (South Africa Standard Time)

Training 1 Hidden Layer MNIST Dataset: 

Started: Fri May 13 2016 19:25:57 GMT+0200 (South Africa Standard Time)

Synaptic Train

iterations 1 error 8.926632285605208 rate 0.2
iterations 2 error 7.998603796668085 rate 0.2
iterations 3 error 8.086451954042042 rate 0.2
iterations 4 error 7.331923165748204 rate 0.2
iterations 5 error 7.237762853442249 rate 0.2
iterations 6 error 7.123393773060356 rate 0.2
iterations 7 error 6.306210347433939 rate 0.2
iterations 8 error 5.871023334095605 rate 0.2
iterations 9 error 5.156694223342247 rate 0.2
iterations 10 error 4.8645624474058184 rate 0.2
Complete!! 

Ended: Fri May 13 2016 19:30:59 GMT+0200 (South Africa Standard Time)

Result using testSet[0]: 0,0,0,0,0,0,1,0,0,0

[ 0.000002336998437571875,
  0.00012900764291788578,
  0.0034575711295416313,
  0.00000832587488606653,
  0.015548476364715232,
  0.000003421795805968222,
  0.0011431599652207544,
  0.003920275145451288,
  0.00002336259937004523,
  0.050869202054962995 ]
Result using testSet[1]: 0,0,0,1,0,0,0,0,0,0

[ 1.1579949170837043e-8,
  0.000010731530641113697,
  0.0000014222175748234093,
  0.005940610152248149,
  0.8948559999838165,
  9.020990612847659e-7,
  0.0000016913590260596934,
  0.022551540640724774,
  4.169328735739538e-8,
  0.9971153095742241 ]
Result using testSet[2]: 0,0,0,0,0,0,0,0,0,1

[ 3.4517367579029047e-10,
  0.00005538731283713112,
  3.302159854486689e-9,
  0.00021681095663163576,
  0.22379094024638568,
  8.375751159701811e-8,
  0.000027339700418772386,
  0.892130731904045,
  0.00007861010492100803,
  0.9801912384342178 ]
Result using testSet[3]: 0,0,0,0,0,0,0,0,1,0

[ 7.430366829285743e-8,
  0.0006460296917133451,
  0.00000900938631714338,
  3.21080787330363e-7,
  0.0005691180093088999,
  3.31847952512558e-7,
  0.017256873990574764,
  0.5584369965498683,
  0.03687133826906592,
  0.007888308055575301 ]
Result using testSet[4]: 0,0,0,0,0,1,0,0,0,0

[ 0.0018459919119846726,
  0.000780531590913388,
  0.0000025163398368289776,
  5.282440907592905e-8,
  0.000054618762412355285,
  0.002241439980697256,
  0.0000024565773869915307,
  0.9196544813719337,
  1.4131157958447205e-7,
  0.9666637212090211 ]
Result using testSet[5]: 0,0,0,0,0,0,0,1,0,0

[ 0.0000025234692380711424,
  0.0009507073224161194,
  6.284922666934972e-11,
  8.72011358066309e-8,
  0.00007130538535055998,
  0.00009602503972101463,
  9.001364768945297e-7,
  0.9999127586481115,
  0.000006738156234830137,
  0.9985253469545643 ]
Result using testSet[6]: 0,0,0,0,1,0,0,0,0,0

[ 1.1579949170837043e-8,
  0.000010731530641113697,
  0.0000014222175748234093,
  0.005940610152248149,
  0.8948559999838165,
  9.020990612847659e-7,
  0.0000016913590260596934,
  0.022551540640724774,
  4.169328735739538e-8,
  0.9971153095742241 ]
Result using testSet[7]: 0,0,1,0,0,0,0,0,0,0

[ 0.000002343795260264336,
  0.00012889035399085447,
  0.003469628633332615,
  0.000008357986913423632,
  0.01558891512895198,
  0.000003431577672433201,
  0.0011455897754390136,
  0.003920092126922337,
  0.00002340828956766947,
  0.05091664251513159 ]
Result using testSet[8]: 0,1,0,0,0,0,0,0,0,0

[ 2.2978249969430703e-7,
  0.9990135456657288,
  3.854107666052564e-10,
  4.145297189180939e-11,
  2.768851606216614e-8,
  3.8617442601846414e-7,
  4.4890674315671947e-7,
  0.8187631994209075,
  0.0000018649491714485445,
  0.006428153628087895 ]
Result using testSet[9]: 0,0,0,0,0,0,1,0,0,0

[ 0.0000023397748678028322,
  0.00012893721024789324,
  0.0034636887859467117,
  0.000008341737200940906,
  0.015569469830048406,
  0.0000034256985298023635,
  0.0011445026416243382,
  0.003919765086073186,
  0.00002338821905588688,
  0.050890403440807364 ]
Result using testSet[10]: 0,0,0,0,0,1,0,0,0,0

[ 0.0029802410303407254,
  0.00096873121990778,
  0.000005094627608022649,
  2.99569734326777e-8,
  0.00003163245684601811,
  0.00254633061869024,
  0.000004417977662202904,
  0.9071875569996238,
  2.4975595716662364e-7,
  0.9304091773169725 ]
Result using testSet[11]: 0,1,0,0,0,0,0,0,0,0

[ 0.000007744514443690674,
  0.9950036148579596,
  1.5698949327481374e-7,
  1.1081892233752827e-9,
  7.881535774424356e-7,
  0.000004207936466345293,
  2.8098551394915772e-8,
  0.013336995148987452,
  1.0407530535339572e-9,
  0.04347331772433689 ]
Result using testSet[12]: 1,0,0,0,0,0,0,0,0,0

[ 0.0029517194064859614,
  0.0009727513531833759,
  0.000005023881330679103,
  2.9498813486199944e-8,
  0.00003128499557413504,
  0.0025221605037209225,
  0.0000043774456780741625,
  0.9072851026092641,
  2.476324741387917e-7,
  0.9302061624244489 ]
Result using testSet[13]: 0,0,0,0,1,0,0,0,0,0

[ 3.2093987556488133e-7,
  0.00013388449180551457,
  0.00010112355139387911,
  0.00005131519906050977,
  0.08065431578233612,
  0.0000021659368252226764,
  0.00004665254205838031,
  0.007953362361153665,
  0.0000011054058656100806,
  0.5900029704865035 ]
Result using testSet[14]: 0,0,0,0,0,0,0,0,0,1

[ 0.000014878032578145136,
  0.00008041559970491838,
  2.101497477145668e-9,
  0.000021620132706337574,
  0.016831917106611364,
  0.000675674599316314,
  6.5582405041360425e-9,
  0.9828390297623573,
  4.4707056486644375e-10,
  0.9999884347667383 ]
Result using testSet[15]: 0,0,0,0,0,0,0,1,0,0

[ 0.002963736228391636,
  0.0009710824385415955,
  0.0000050531315733185446,
  2.968707992029591e-8,
  0.00003143043875049576,
  0.002532569644650767,
  0.000004395058993817171,
  0.9072613074361919,
  2.4857584639928444e-7,
  0.9302964238347703 ]
Result using testSet[16]: 0,0,0,1,0,0,0,0,0,0

[ 3.2093987556488133e-7,
  0.00013388449180551457,
  0.00010112355139387911,
  0.00005131519906050977,
  0.08065431578233612,
  0.0000021659368252226764,
  0.00004665254205838031,
  0.007953362361153665,
  0.0000011054058656100806,
  0.5900029704865035 ]
Result using testSet[17]: 0,0,1,0,0,0,0,0,0,0

[ 0.0000023396510924654533,
  0.00012895411808813665,
  0.003463549392876503,
  0.000008341632263951757,
  0.01556947768960364,
  0.0000034256666451325273,
  0.0011444335511222395,
  0.003919527527008757,
  0.000023386946572713518,
  0.050885633067535546 ]
Result using testSet[18]: 0,0,0,0,0,0,0,0,1,0

[ 6.956931845166978e-8,
  0.0006659481634747634,
  0.000008038838489502198,
  3.0156930807209245e-7,
  0.000533986771889546,
  3.1735003680023484e-7,
  0.018156157212094196,
  0.5854244911068401,
  0.04220170953059908,
  0.007609174988460899 ]
Result using testSet[19]: 1,0,0,0,0,0,0,0,0,0

[ 0.002951291828143704,
  0.0009728236739955912,
  0.000005022848070085195,
  2.9491382512337816e-8,
  0.000031279053444581344,
  0.0025217543796981997,
  0.000004376825561968075,
  0.9072852434827452,
  2.476011746461252e-7,
  0.930200924567116 ]
Ended: Fri May 13 2016 19:31:00 GMT+0200 (South Africa Standard Time)

