LearningRate: 0.3 hiddenLayerSize: 50
hiddenLayer2Size: 50 hiddenLayer3Size: 50
Training 3 Hidden Layer MNIST Dataset: 

Started: Fri May 13 2016 18:52:40 GMT+0200 (South Africa Standard Time)

Synaptic Train

iterations 1 error 13.78893222831105 rate 0.3
iterations 2 error 13.962875306571101 rate 0.3
iterations 3 error 13.725664067343615 rate 0.3
iterations 4 error 13.792150437515117 rate 0.3
iterations 5 error 13.639755810528895 rate 0.3
iterations 6 error 13.662269808140653 rate 0.3
iterations 7 error 13.684097094291813 rate 0.3
iterations 8 error 13.771657098278137 rate 0.3
iterations 9 error 14.011845114495829 rate 0.3
iterations 10 error 13.575661104186732 rate 0.3
Complete!! 

Ended: Fri May 13 2016 19:02:52 GMT+0200 (South Africa Standard Time)

Result using testSet[0]: 0,0,1,0,0,0,0,0,0,0

[ 0.00016190418084086644,
  0.000158549641278481,
  0.00017208095428113663,
  0.9984397519391139,
  0.00014953810711079512,
  0.00015295985847862693,
  0.00016378466057708678,
  0.00016903939166748762,
  0.0001603536029333048,
  0.0001588318001842469 ]
Result using testSet[1]: 0,1,0,0,0,0,0,0,0,0

[ 0.00016190651762858108,
  0.00015855191100771959,
  0.00017208344974456303,
  0.9984397348487638,
  0.00014954025915950991,
  0.00015296207539746998,
  0.00016378702293828773,
  0.00016904183579038735,
  0.0001603559216952548,
  0.0001588340839798824 ]
Result using testSet[2]: 0,0,0,0,0,0,0,0,1,0

[ 0.00016190366820820868,
  0.00015854914304375218,
  0.00017208040805178566,
  0.9984397556927201,
  0.0001495376342582266,
  0.00015295937300374184,
  0.00016378414275448747,
  0.00016903885649405563,
  0.0001603530934309208,
  0.00015883129793685657 ]
Result using testSet[3]: 0,0,0,0,0,0,1,0,0,0

[ 0.00016190500687908883,
  0.00015855044384875908,
  0.00017208183683518555,
  0.9984397458877515,
  0.00014953886875995309,
  0.0001529606433044171,
  0.00016378549547010934,
  0.00016904025613225602,
  0.0001603544230328321,
  0.0001588326086422054 ]
Result using testSet[4]: 0,0,0,0,0,0,1,0,0,0

[ 0.0001619001697259504,
  0.000158545745500814,
  0.00017207667175588538,
  0.9984397813010553,
  0.0001495344111525541,
  0.00015295605615228455,
  0.00016378060473042018,
  0.00016903519901207963,
  0.00016034962331932864,
  0.00015882787833432544 ]
Result using testSet[5]: 0,0,0,0,1,0,0,0,0,0

[ 0.00016190260722350215,
  0.00015854811374045567,
  0.00017207927367805036,
  0.9984397634630661,
  0.00014953665665581937,
  0.00015295836713093413,
  0.00016378306908067068,
  0.00016903774734393327,
  0.00016035204142152975,
  0.00015883026108401237 ]
Result using testSet[6]: 0,0,0,0,1,0,0,0,0,0

[ 0.00016190107700168982,
  0.0001585466268705014,
  0.00017207764033152787,
  0.9984397746655058,
  0.00014953524691306498,
  0.0001529569161709413,
  0.00016378152192428745,
  0.00016903614655599145,
  0.00016035052331650324,
  0.00015882876486806956 ]
Result using testSet[7]: 0,0,0,0,0,1,0,0,0,0

[ 0.00016190093170251565,
  0.00015854648588363635,
  0.00017207748574672176,
  0.9984397757260036,
  0.0001495351132531034,
  0.00015295677855243546,
  0.0001637813753051729,
  0.00016903599579771937,
  0.00016035037980134206,
  0.00015882862319628192 ]
Result using testSet[8]: 0,0,0,0,0,1,0,0,0,0

[ 0.0001619089355195245,
  0.00015855425909195694,
  0.00017208603274011921,
  0.998439717118311,
  0.00014954249024921038,
  0.0001529643675175312,
  0.00016378946897294106,
  0.00016904436563222123,
  0.0001603583226785823,
  0.00015883644767883677 ]
Result using testSet[9]: 0,0,0,0,0,0,0,0,1,0

[ 0.0001619042716231605,
  0.00015854972860012234,
  0.00017208105192046357,
  0.9984397512689545,
  0.00014953819115951815,
  0.0001529599461549766,
  0.0001637847532589261,
  0.00016903948675125506,
  0.0001603536918378985,
  0.00015883188803236207 ]
Result using testSet[10]: 1,0,0,0,0,0,0,0,0,0

[ 0.00016190123137276027,
  0.00015854677595862523,
  0.0001720778063063732,
  0.9984397735325381,
  0.0001495353887205996,
  0.00015295706294165501,
  0.0001637816789491473,
  0.00016903630870087157,
  0.00016035067598581054,
  0.00015882891630842512 ]
Result using testSet[11]: 0,0,0,0,0,0,0,0,0,1

[ 0.00016190465067918597,
  0.0001585500981661532,
  0.000172081457473023,
  0.9984397484803931,
  0.00014953854029778354,
  0.00015296030399072368,
  0.000163785136813646,
  0.0001690398839211011,
  0.0001603540703410367,
  0.00015883225994205605 ]
Result using testSet[12]: 0,0,0,0,0,0,0,0,0,1

[ 0.00016190926123554213,
  0.00015855457618720042,
  0.00017208638174381598,
  0.9984397147460822,
  0.00014954278856324602,
  0.0001529646758426187,
  0.00016378979597925323,
  0.0001690447051292771,
  0.0001603586464446784,
  0.0001588367676524991 ]
Result using testSet[13]: 0,0,0,0,0,0,0,1,0,0

[ 0.00016190560222551002,
  0.00015855102084954414,
  0.00017208247269638282,
  0.998439741533456,
  0.00014953941698820898,
  0.00015296120625573172,
  0.0001637860991029006,
  0.00016904087839544134,
  0.0001603550140908434,
  0.0001588331898525344 ]
Result using testSet[14]: 0,0,0,1,0,0,0,0,0,0

[ 0.00016190260722350215,
  0.00015854811374045567,
  0.00017207927367805036,
  0.9984397634630661,
  0.00014953665665581937,
  0.00015295836713093413,
  0.00016378306908067068,
  0.00016903774734393327,
  0.00016035204142152975,
  0.00015883026108401237 ]
Result using testSet[15]: 0,1,0,0,0,0,0,0,0,0

[ 0.000161908644101208,
  0.0001585539765534831,
  0.00017208571860639812,
  0.9984397192823716,
  0.000149542218650102,
  0.00015296408955301548,
  0.00016378917174915614,
  0.00016904405753229504,
  0.00016035803061013377,
  0.00015883616269778293 ]
Result using testSet[16]: 0,0,0,0,0,0,0,1,0,0

[ 0.0001619017482171103,
  0.00015854727867141498,
  0.00017207835739287808,
  0.9984397697534183,
  0.00014953586456681136,
  0.00015295755226970675,
  0.00016378220112257783,
  0.00016903684894493547,
  0.00016035118878553162,
  0.0001588294213635317 ]
Result using testSet[17]: 0,0,1,0,0,0,0,0,0,0

[ 0.00016190492892068843,
  0.00015855036754450634,
  0.0001720817537178931,
  0.9984397464610362,
  0.00014953879656248706,
  0.00015296056736747196,
  0.00016378541723497138,
  0.00016904017487998264,
  0.00016035434550328405,
  0.00015883253059649288 ]
Result using testSet[18]: 1,0,0,0,0,0,0,0,0,0

[ 0.00016190195128163262,
  0.0001585474756367006,
  0.00017207857445286493,
  0.9984397682692326,
  0.00014953605157268986,
  0.0001529577450814262,
  0.00016378240617288389,
  0.0001690370610571958,
  0.00016035138994247418,
  0.00015882961946778467 ]
Result using testSet[19]: 0,0,0,1,0,0,0,0,0,0

[ 0.00016190107700168982,
  0.0001585466268705014,
  0.00017207764033152787,
  0.9984397746655058,
  0.00014953524691306498,
  0.0001529569161709413,
  0.00016378152192428745,
  0.00016903614655599145,
  0.00016035052331650324,
  0.00015882876486806956 ]
Ended: Fri May 13 2016 19:02:53 GMT+0200 (South Africa Standard Time)

