0.97 0.44 0.08 0
0.08 0.09 0.46 1
0.84 0.27 0.89 0
0.22 0.92 0.20 0
0.13 0.24 0.34 1
0.09 0.23 0.20 1
0.91 0.56 0.64 0
0.34 0.39 0.24 1
0.48 0.35 0.88 0
0.79 0.89 0.97 0
0.72 0.87 0.90 0
0.02 0.31 0.15 1
0.19 0.10 0.09 1
0.86 0.52 0.73 0
0.58 0.13 0.15 1
0.97 0.70 0.51 0
0.14 0.99 0.02 0
0.50 0.00 0.29 1
0.11 0.25 0.82 0
0.71 0.64 0.01 0
0.55 0.02 0.45 0
0.60 0.90 0.91 0
0.36 0.07 0.04 1
0.38 0.07 0.08 1
0.78 0.01 0.19 1
0.17 0.17 0.67 0
0.04 0.57 0.74 0
0.92 0.68 0.83 0
0.76 0.11 0.09 1
0.40 0.72 0.60 0
0.57 0.38 0.99 0
0.53 0.86 0.38 0
0.77 0.87 0.49 0
0.82 0.21 0.85 0
0.68 0.27 0.58 0
0.68 0.05 0.61 0
0.70 0.67 0.11 0
0.47 0.31 0.02 1
0.83 0.08 0.85 0
0.27 0.02 0.06 1