3.18 -0.93 -7.68 -6.03 0
2.46 3.03 4.44 0.07 1
1.09 -5.70 3.33 -2.48 0
-8.30 -4.35 3.52 -4.24 0
-6.07 0.73 7.11 -4.20 1
-3.89 -3.78 6.60 2.05 1
-0.11 -3.58 0.99 -1.51 0
2.29 2.73 4.62 4.34 1
-4.10 8.43 9.80 0.27 1
9.94 -1.78 -8.69 3.20 0
-7.93 1.46 -6.22 4.75 1
4.61 8.47 1.49 -3.26 1
-3.14 9.58 -5.90 5.54 1
0.21 8.59 1.58 6.36 1
-7.53 -6.10 6.85 8.40 1
-6.63 3.55 5.84 -7.59 0
4.92 -6.44 0.96 3.09 0
-3.43 -7.18 -3.69 -9.20 0
-1.75 2.70 0.98 -1.03 1
2.04 -5.93 9.77 7.20 1
7.28 -9.00 0.32 2.98 0
-6.77 6.15 -0.11 9.84 1
8.37 -9.67 -4.39 4.00 0
6.06 -3.69 7.84 7.57 1
-7.25 -4.93 -1.99 -7.74 0
6.57 1.84 -0.62 4.16 1
-8.30 8.76 2.03 7.80 1
-2.71 1.05 -8.12 5.49 1
8.14 -5.41 -2.33 -3.38 0
8.98 -6.06 -0.72 0.76 0
-5.90 -7.67 -3.45 -1.50 0
-0.16 -2.73 8.24 4.06 1
-1.56 9.25 7.71 -4.75 1
9.14 4.49 3.83 7.74 1
-5.69 -2.33 3.82 -6.79 0
-2.83 5.31 7.67 3.79 1
0.87 -3.33 3.45 -1.13 0
8.53 5.16 -2.99 -5.37 0
-1.41 0.52 0.21 -8.59 0
0.60 9.53 -2.22 -0.37 1
2.72 1.48 -5.73 0.99 0
4.32 3.35 9.93 8.58 1
4.28 -0.52 7.25 6.60 1
9.05 0.37 8.10 -1.31 0
-6.94 -3.71 5.83 -7.64 0
8.57 2.75 6.01 -3.88 0
2.12 -3.23 5.16 6.04 1
-9.82 -4.13 -2.35 8.66 1
-1.80 4.70 7.42 8.62 1
-6.23 8.37 -6.46 0.71 1
7.46 5.92 -3.51 8.80 1
-7.13 -7.31 -4.82 6.92 1
-8.89 -3.84 -5.68 1.18 1
-5.32 5.97 -4.02 5.93 1
-9.75 -3.63 9.74 -8.02 0
0.93 -3.46 1.87 0.36 0
4.52 2.88 -4.67 1.25 1
-3.45 6.01 9.71 -5.53 1
-6.14 5.13 -6.80 -4.90 0
-1.76 2.06 6.77 5.92 1
-2.04 8.60 -4.73 7.14 1
-0.38 1.99 -0.52 -7.30 0
-7.24 5.26 8.75 -7.30 1
-4.79 -7.84 4.64 1.84 1
-0.57 2.64 4.73 9.96 1
-6.71 1.30 -8.98 -0.99 1
1.40 -4.21 5.23 6.47 1
6.85 6.50 -0.46 -4.30 0
6.51 -7.65 -8.91 6.65 0
2.45 3.06 9.89 7.55 1
2.21 -4.76 -2.00 -9.99 0
-8.53 -7.29 6.31 9.55 1
-9.28 -6.55 -8.57 -4.70 0
-3.12 -7.40 1.61 -9.60 0
-0.19 3.63 -1.56 -2.40 0
-5.60 -1.40 8.64 -6.70 0
-0.68 -7.94 -0.88 -2.17 0
5.06 3.40 -2.30 9.58 1
6.07 7.24 1.54 6.48 1
4.23 2.74 6.22 9.35 1
4.51 -0.73 9.01 8.68 1
-2.82 7.91 -7.92 -1.06 1
-4.01 6.33 -6.53 2.49 1
-3.65 7.75 6.76 -0.75 1
-6.03 -5.80 -6.11 7.29 1
0.21 8.37 9.92 4.79 1
7.92 -0.54 3.41 4.44 1
-0.98 3.69 -8.62 7.53 1
3.37 -7.94 -5.82 -3.13 0
-2.57 -4.78 -7.82 -4.65 0
-9.20 -2.09 -6.40 -0.16 1
8.93 4.01 0.78 -0.74 0
0.82 7.36 -9.15 -0.41 1
2.47 3.17 5.88 9.04 1
8.33 0.08 -2.41 1.98 0
6.09 4.13 -7.88 1.58 0
2.17 -8.52 -1.98 -2.27 0
-5.26 -9.97 -8.40 -9.93 0
-3.89 -3.35 -1.73 -1.67 0
-7.43 -3.48 -1.08 4.66 1
9.42 -0.43 -7.04 7.27 1
1.46 7.30 -7.98 -0.45 1
-7.54 4.48 -0.01 5.16 1
4.65 7.42 -7.88 -3.31 0
1.36 -2.96 7.53 -5.81 0
-7.41 -8.57 7.33 9.27 1
6.61 -9.99 3.33 -8.96 0
8.75 9.42 -8.63 0.62 1
-6.98 9.93 7.64 -7.59 1
1.46 0.21 6.18 -7.30 0
1.86 8.47 -8.28 -1.73 1
-4.80 -1.92 -7.00 -8.34 0
-9.22 7.34 8.80 2.97 1
-0.64 4.34 1.29 3.21 1
-7.79 -9.35 9.58 9.14 1
-2.26 0.17 -9.99 -4.84 0
-3.94 3.47 -0.83 4.68 1
7.04 1.84 0.67 9.98 1
7.24 0.38 -2.68 7.65 1
-2.53 4.85 6.56 -5.33 1
-6.04 -6.99 9.06 9.36 1
-6.26 8.24 7.74 0.80 1
7.17 -9.83 -2.34 -9.34 0
-0.46 -4.64 6.14 -7.97 0
-2.82 9.60 -3.32 -8.58 0
-6.14 -7.52 0.23 1.91 1
5.06 3.38 -1.52 -7.77 0
-8.43 3.73 9.39 -5.21 1
-2.42 0.19 1.92 -8.86 0
8.49 -2.10 4.72 -3.64 0
4.76 -3.73 -5.09 -1.21 0
-6.88 -8.35 3.19 -3.73 0
6.90 6.19 -2.88 0.48 1
-7.55 9.15 9.51 -4.59 1
-6.16 7.52 6.77 -8.29 1
-6.68 9.28 0.08 0.50 1
1.25 4.45 -8.54 -2.70 0
-4.20 6.37 -3.89 -0.47 1
-9.72 9.31 -7.19 -0.34 1
-6.24 6.68 4.80 -0.07 1
9.38 -1.05 4.99 4.48 1
3.92 0.19 -8.51 0.03 0
2.10 7.90 -7.82 -3.03 0
9.57 -8.07 -9.96 9.69 0
9.66 5.35 -4.78 6.91 1
-9.46 2.54 4.32 0.58 1
2.26 7.86 2.23 5.69 1
-4.55 -7.66 -1.83 -8.03 0
-2.24 4.69 3.54 3.55 1
-2.17 8.50 -3.50 2.76 1
-8.25 -2.20 -4.13 0.24 1
2.32 -0.45 5.06 5.27 1
7.65 3.44 5.91 7.19 1
-7.79 7.03 1.59 1.72 1
0.89 7.27 8.30 4.63 1
-5.21 8.34 -4.29 8.91 1
-4.28 9.94 -1.82 1.62 1
5.81 -9.48 0.30 1.90 0
-1.21 5.15 3.28 -7.71 0
-0.77 -0.64 1.91 -7.53 0
-1.93 -2.92 5.76 6.55 1
-6.23 -6.87 2.77 2.81 1
1.08 9.20 8.76 -1.62 1
-7.45 -4.33 -8.12 0.44 0
-8.83 1.35 7.78 -0.03 1
-2.95 7.98 7.99 4.89 1
5.80 -2.91 -7.97 -5.17 0
1.78 3.06 1.77 1.83 1
5.50 8.25 5.68 8.18 1
1.09 -6.81 -9.99 5.50 0
7.47 8.65 4.29 -2.22 1
4.23 4.30 -0.81 -5.05 0
2.56 -6.05 6.27 -6.66 0
0.17 -3.26 1.21 -5.06 0
-0.54 9.52 4.69 -2.20 1
-1.57 -2.94 8.67 -2.81 0
5.02 -6.63 9.27 8.66 1
-2.68 -9.91 2.47 2.54 0
-5.57 6.05 -6.17 2.50 1
-4.25 5.84 9.09 9.96 1
-9.91 4.49 9.22 -8.94 1
0.75 -9.67 2.87 -6.91 0
1.65 6.67 1.82 2.73 1
-2.41 -7.00 8.66 -3.96 0
-0.91 1.94 1.57 -7.74 0
-6.40 -8.94 -8.01 -8.90 0
4.30 -5.05 5.91 4.09 1
-8.77 -2.02 7.68 -7.97 0
9.73 5.38 3.13 0.28 1
-8.99 -8.29 3.79 -5.84 0
-4.44 9.01 5.49 -3.51 1
-9.05 -0.09 -9.37 1.01 1
3.10 4.97 6.12 -3.19 1
1.89 -1.90 -3.56 -8.61 0
-9.22 9.11 4.92 2.93 1
-6.61 -1.84 -4.56 5.95 1
9.71 -6.65 -8.63 -1.10 0
9.45 9.82 -1.15 -3.20 0
0.72 -3.79 -2.25 -2.09 0
-1.39 2.81 4.75 9.19 1
-0.11 -5.37 0.77 2.30 0
7.89 2.06 7.29 9.03 1
4.46 -7.92 -5.12 -6.73 0
-5.09 -6.25 -8.80 -4.98 0
-3.89 3.07 5.50 -8.58 0
-2.15 4.53 2.00 -0.68 1
3.60 -0.91 -4.70 -5.27 0
7.46 1.79 7.91 5.47 1
-8.38 6.21 1.79 4.95 1
-9.26 7.25 -6.05 -2.43 1
7.90 9.20 9.41 -0.88 1
0.75 1.69 -5.98 -0.73 0
5.49 2.46 4.29 7.21 1
-8.17 3.29 -8.32 6.74 1
2.15 -7.38 4.92 2.38 0
4.91 7.13 5.26 4.08 1
3.86 3.14 6.96 -4.79 0
-7.78 -1.48 -1.89 -4.63 0
4.36 -4.25 5.29 8.13 1
-4.15 -2.32 -0.39 -8.15 0
-2.37 8.98 1.63 -8.58 0
-0.32 -1.71 7.61 -1.68 0
5.39 -1.28 -9.17 7.11 1
-0.85 7.69 8.13 7.41 1
6.41 -8.94 4.08 -7.81 0
-1.82 1.01 -7.05 -4.30 0
-0.22 2.27 -7.71 -2.80 0
7.88 7.13 0.74 0.30 1
-1.17 6.21 -2.31 1.94 1
6.38 8.76 -7.49 0.04 1
-2.03 -5.87 7.08 -5.83 0
4.23 4.41 -2.88 9.74 1
-0.87 -3.11 4.69 3.02 1
4.92 4.80 7.40 1.66 1
9.87 4.88 8.06 3.18 1
-5.11 1.14 -7.25 -7.16 0
-9.83 5.46 -5.01 -8.72 0
2.48 8.08 -1.18 2.17 1
9.70 3.21 -5.11 0.90 0
-9.66 8.79 9.97 6.02 1
2.68 -7.05 2.59 7.31 1
-9.30 -5.35 -4.64 6.29 1
-7.82 0.66 -2.02 -1.55 1
-2.05 -2.58 4.09 9.62 1
0.86 -7.69 -0.46 -6.55 0
-2.01 -3.93 0.46 1.75 1
-9.91 -4.20 5.03 -5.09 0
-1.12 6.26 -5.34 5.67 1
-5.63 6.00 -2.48 6.45 1
-7.92 4.71 9.94 -2.48 1
3.10 7.91 0.06 -8.36 0
-1.13 6.28 -8.25 -1.01 1
6.53 -1.80 6.95 -4.15 0
1.40 -3.88 9.57 -9.88 0
7.95 -9.97 5.16 -2.77 0
2.73 4.73 7.32 -8.69 0
8.97 -8.67 3.74 -1.92 0
5.39 -1.79 2.74 8.24 1
-0.04 -8.45 -5.28 -6.79 0
2.86 1.58 1.74 -1.23 0
-7.49 -2.93 -6.46 -3.79 0
3.51 -2.52 -1.77 5.46 1
-4.12 0.17 -7.76 -9.58 0
-8.63 8.00 -4.74 2.53 1
4.45 -8.14 3.65 -4.53 0
-6.83 -7.83 8.03 -8.72 0
8.05 -6.60 -0.25 6.12 0
6.21 -3.32 -5.35 2.56 0
2.14 6.84 -7.56 4.43 1
6.42 2.39 5.22 -9.73 0
-0.13 9.45 9.82 -8.24 1
-5.77 4.92 4.70 -7.15 0
2.22 6.39 -8.12 -4.45 0
7.12 -8.00 -0.54 -7.34 0
7.56 -9.89 1.49 8.97 1
5.40 -3.93 -9.08 -9.93 0
-3.90 -5.28 9.48 -2.57 0
-1.68 7.72 -6.07 -6.20 0
7.87 -9.51 -8.64 -9.98 0
-0.62 -5.08 2.70 -3.98 0
-2.19 -8.49 10.00 6.72 1
1.80 7.03 -9.41 -3.81 0
0.68 2.81 -0.79 -7.40 0
7.96 -7.90 7.73 0.58 0
-4.40 -4.49 -8.65 7.94 1
-4.80 -1.89 0.19 -0.93 1
3.16 -4.69 -1.36 5.69 1
-6.02 -0.30 6.47 8.90 1
-2.52 -3.70 -3.68 -7.15 0
-9.08 -2.50 0.13 -2.64 0
6.78 -6.38 2.67 1.98 0
9.84 1.41 -9.15 -5.10 0
5.10 -2.12 -2.55 7.59 1
5.64 -0.28 9.04 8.26 1
5.48 -6.15 -5.39 -4.86 0
3.95 0.94 -6.85 -0.28 0
-4.57 0.47 -4.11 -0.44 1
-8.92 3.06 -7.84 -9.57 0
-2.27 4.13 -3.47 -1.60 1
2.89 -8.80 -0.71 3.91 0
5.04 6.67 2.42 1.91 1
3.23 7.59 -1.30 -5.27 0
1.20 -5.53 3.11 7.86 1
7.79 2.50 -7.77 -7.49 0
7.63 -0.22 -9.72 -6.48 0
-6.16 0.19 -1.84 -3.68 0
-1.99 -9.14 -4.00 2.43 0
1.81 -1.55 -1.18 -0.51 0
9.29 -7.97 -9.81 8.62 0
-0.84 5.81 -0.88 -9.96 0
2.48 0.10 1.99 5.66 1
2.55 5.03 2.96 -3.35 0
-8.76 8.50 -5.89 -6.63 1
-1.35 -3.13 -0.68 -4.65 0
1.47 -4.68 5.00 -0.44 0
9.64 2.85 -4.83 -2.98 0
-9.71 -3.23 -2.02 -0.55 1
-6.16 -9.13 -2.92 0.66 0
-2.67 -7.78 1.94 0.42 0
-2.64 -7.41 8.40 2.68 1
6.79 -7.75 -6.86 4.51 0
-2.71 6.21 -5.89 -2.88 1
3.35 6.01 -7.70 6.46 1
2.36 3.72 -9.80 7.01 1
-9.87 9.20 -3.28 9.63 1
1.53 6.23 -0.45 -8.13 0
1.91 -0.97 -8.31 7.58 1
-3.57 -3.65 1.25 1.45 1
-8.10 7.46 -9.27 3.76 1
-1.82 1.41 5.41 -9.22 0
-4.91 9.10 -0.88 6.96 1
-5.60 6.30 -9.82 -3.35 1
-3.42 4.95 0.07 5.04 1
-2.91 -0.16 3.29 0.55 1
-2.07 8.57 8.14 4.61 1
7.04 3.41 -5.30 8.15 1
-0.17 5.73 -0.72 9.12 1
-4.44 -4.19 -7.49 0.40 0
4.25 4.05 -8.16 -7.00 0
9.12 -7.01 -0.89 -3.59 0
4.30 -6.09 -1.75 -5.55 0
7.70 6.67 9.41 -6.96 0
-4.99 6.88 -8.41 -5.56 0
-7.51 -9.46 -1.87 -8.59 0
3.12 3.19 -3.39 -5.55 0
3.75 7.89 8.18 5.29 1
-0.67 4.28 -0.31 -9.39 0
-5.71 -0.38 -3.00 -8.40 0
0.88 -7.91 -2.94 6.73 1
9.62 -3.75 2.85 7.96 1
-1.99 1.16 5.85 -6.09 0
-9.85 2.96 -2.01 7.39 1
2.21 -5.04 7.44 9.18 1
-3.62 -8.67 0.72 5.34 1
-0.34 2.77 -2.59 -9.16 0
2.59 -3.26 3.18 -1.01 0
-2.02 -1.44 1.73 -6.95 0
9.92 5.14 -2.98 4.03 1
-0.56 7.88 3.49 7.26 1
-5.61 -1.90 3.59 -1.15 1
-0.99 -5.50 9.76 3.01 1
-9.36 9.97 1.00 -8.67 1
-9.73 2.78 -7.09 5.72 1
-2.90 -4.13 4.62 8.37 1
7.44 -2.72 5.88 -5.91 0
-6.77 -5.52 3.28 -7.04 0
-3.21 5.94 -4.05 4.58 1
4.61 -5.59 -2.13 -0.76 0
-4.43 -1.96 6.31 -4.35 0
-3.48 -2.10 -5.47 0.32 0
1.71 -6.60 -0.03 9.24 1
1.78 0.79 9.20 9.11 1
2.41 4.06 5.46 -7.76 0
-6.56 -7.47 5.53 -2.81 0
-5.09 -5.18 8.78 5.24 1
-1.81 5.06 -6.78 1.78 1
-2.34 -6.07 0.97 -8.53 0
-8.98 4.41 -1.50 -4.12 1
-5.04 -9.73 -4.08 3.29 0
-3.06 3.79 4.01 1.79 1
3.43 -1.59 -2.36 8.80 1
-9.52 2.15 -0.23 -7.19 0
-6.63 -2.28 1.73 6.36 1
8.53 -3.23 -7.72 -6.47 0
3.38 -2.94 0.19 -0.72 0
-2.58 4.04 3.81 -6.46 0
-8.73 1.20 4.28 8.60 1
-0.21 6.95 -1.30 -5.26 0
9.57 0.46 4.77 6.23 1
-7.96 -6.68 -1.41 -2.68 0
-1.18 9.71 -5.97 -3.71 1
7.98 -6.45 -6.26 -5.50 0
-3.20 8.26 -0.58 -3.04 1
9.50 -8.37 2.17 -8.98 0
7.03 -3.21 2.47 0.72 0
9.85 8.40 -6.30 5.65 1
-5.45 -7.17 3.26 -4.70 0
0.31 0.71 0.79 2.53 1
2.34 -9.15 -5.53 -6.96 0
-4.12 5.47 3.15 1.70 1
6.54 -1.32 -5.45 1.23 0
0.80 2.29 -1.89 3.64 1
-6.37 6.13 -5.51 -9.00 0
-0.50 -6.40 -6.38 8.14 1
7.81 7.55 -2.43 7.33 1
3.72 6.14 5.90 -7.66 0
1.85 4.39 -3.35 7.74 1
-8.49 2.45 8.70 -1.76 1
9.42 -0.80 -1.67 2.31 0
-1.16 -3.57 6.03 4.60 1
2.31 -2.64 8.56 -7.52 0
9.44 -8.38 5.44 3.33 0
0.68 -2.06 -0.92 -8.62 0
-6.32 6.13 -6.27 5.58 1
9.41 -0.17 -0.91 -6.88 0
-7.90 -7.00 2.03 7.42 1
-0.97 -5.20 1.75 3.67 1
4.33 9.80 -7.72 -9.67 0
-5.93 3.43 -0.17 -9.09 0
9.16 -3.64 1.91 -3.55 0
-2.57 -4.50 -9.95 -3.51 0
6.31 4.42 8.92 3.87 1
3.64 1.16 -9.52 -3.07 0
-4.20 8.02 4.06 -8.21 0
-0.62 4.00 0.55 6.69 1
-4.51 8.51 2.18 -9.18 0
-5.53 -7.38 -1.97 0.67 0
2.48 -7.11 9.78 -1.60 0
-8.55 -8.16 -7.49 -1.16 0
9.18 9.46 -9.50 4.42 1
7.02 -0.07 -0.22 0.43 0
9.70 9.55 -4.29 -2.76 0
3.50 3.19 6.57 0.42 1
-2.80 9.02 -7.88 4.99 1
-6.46 4.29 0.16 5.76 1
-2.01 8.66 3.16 -7.66 0
6.33 5.52 2.23 -6.01 0
-6.93 -3.01 6.43 -2.11 1
8.34 -6.58 -8.56 1.83 0
2.79 4.52 -6.18 2.10 1
-2.95 -3.92 4.22 -3.75 0
-4.71 3.19 6.52 0.93 1
-9.36 9.46 8.18 5.72 1
4.57 9.82 1.76 5.27 1
1.95 -6.02 7.62 -5.91 0
8.68 -2.50 -6.84 -8.81 0
9.98 7.80 5.58 4.74 1
3.94 3.59 -8.17 -8.81 0
6.94 8.06 -8.11 7.61 1
-4.23 8.27 -0.01 1.34 1
4.27 -3.54 -8.35 6.61 1
-8.14 2.43 -5.76 4.61 1
5.64 -9.58 -6.34 -9.95 0
8.36 8.77 0.18 -4.65 0
0.32 6.26 3.15 -8.34 0
4.92 4.84 5.66 -5.08 0
-5.06 5.63 8.38 -5.29 1
9.05 1.96 4.30 -6.23 0
7.01 1.62 -4.56 -3.04 0
-4.26 -1.20 6.48 -0.20 1
8.26 5.71 -9.19 -1.20 0
-7.09 -6.60 -0.42 -1.69 0
-8.92 2.14 -3.91 2.39 1
8.38 2.58 4.50 -6.61 0
-3.71 0.75 4.31 -5.77 0
-0.80 2.39 0.46 6.02 1
5.35 4.85 -7.63 8.72 1
8.87 8.69 -5.10 8.86 1
5.34 -4.73 8.98 -4.57 0
3.23 1.32 0.55 2.80 1
-0.29 -2.89 2.54 -2.46 0
0.82 1.10 6.57 5.44 1
3.30 0.27 -1.42 -5.98 0
-1.82 -6.83 -4.23 6.44 1
4.53 -9.66 0.94 3.25 0
-3.91 -4.38 4.75 9.95 1
3.15 -9.02 -3.61 -9.52 0
-2.86 -2.70 9.00 9.11 1
-3.27 4.29 7.00 6.93 1
-9.42 -6.52 -0.03 2.74 1
-5.98 0.31 -0.24 -7.18 0
5.08 -6.63 5.88 9.26 1
-1.57 -7.83 7.95 2.22 0
-1.85 -6.59 -1.97 9.87 1
-1.96 3.58 -7.92 -8.95 0
-6.51 -7.92 3.00 -1.90 0
-3.62 5.50 3.10 -9.14 0
5.31 8.45 8.88 5.77 1
5.65 -7.46 4.95 -9.66 0
-7.41 1.82 4.93 4.43 1
4.98 -3.80 3.63 1.39 0
-3.89 -1.30 6.37 -8.34 0
-3.08 -7.75 -6.82 6.76 1
6.94 7.73 8.45 2.59 1
-1.15 -4.22 -0.28 7.67 1
3.49 2.22 3.46 -6.18 0
-5.85 9.14 -9.94 5.02 1
-9.06 2.06 -4.54 3.27 1
-0.42 -2.83 2.72 -0.26 0
1.89 -7.83 -6.86 -6.20 0
-9.81 9.24 3.77 3.15 1
2.08 -0.78 5.57 -5.88 0
8.04 -7.52 -4.91 -7.16 0
9.98 -6.25 -8.85 -5.01 0
6.09 5.74 7.76 -4.98 0
4.09 9.58 -5.27 3.92 1
3.64 8.69 -2.05 -1.28 1
-3.27 -2.58 -6.96 6.76 1
-5.52 5.44 8.04 -7.07 1
-1.70 -5.29 -6.64 9.17 1
-5.67 7.28 0.57 2.01 1
0.60 -1.43 -4.22 -3.79 0
-1.36 3.92 -2.59 0.31 1
-6.75 -6.13 -6.15 -6.58 0
7.28 -2.39 1.93 -8.32 0
-8.04 -6.62 -6.19 -2.61 0
-2.68 -0.30 6.67 4.42 1
2.42 -8.17 -2.41 9.08 1
-9.73 -5.87 -5.95 -2.41 0
8.74 1.09 -0.55 8.22 1
5.19 -2.93 2.78 -0.80 0
0.23 -1.95 -8.55 -8.21 0
-6.22 7.48 -2.56 2.11 1
-4.74 2.60 -2.11 4.94 1
-0.94 7.81 3.95 8.21 1
6.22 7.18 3.64 -2.53 1
3.76 -0.64 -1.61 -3.21 0
-5.78 5.35 6.56 4.12 1
-0.23 1.80 1.75 -2.45 0
7.44 -9.13 9.08 -8.16 0
-4.84 -8.75 -1.70 -5.84 0
1.98 4.59 8.94 2.27 1
-0.22 -3.65 0.04 8.97 1
9.00 -9.09 -5.74 2.58 0
-3.88 -3.08 4.88 4.57 1
-3.03 -9.11 -7.08 3.01 0
6.46 -5.58 1.05 3.00 0
2.90 3.76 -8.54 4.06 1
-7.14 8.89 -4.60 8.13 1
-8.65 -5.91 3.46 1.86 1
-8.86 1.67 8.17 2.15 1
5.02 6.28 -7.50 4.62 1
5.31 8.52 1.74 -8.33 0
-4.15 -6.51 -0.15 -1.43 0
-6.25 -7.69 -4.05 4.23 1
-9.70 -7.08 -8.11 6.48 1
3.39 -9.88 7.61 0.91 0
7.80 4.39 7.34 7.03 1
-6.69 -6.20 -3.18 -4.27 0
-3.88 -5.83 9.47 8.16 1
-5.95 8.78 7.51 -2.45 1
-7.59 -9.00 -6.76 -7.26 0
-6.03 0.37 -5.04 -4.78 0
3.95 6.33 2.51 -0.45 1
8.96 2.06 -2.22 -8.46 0
7.20 -4.39 -2.53 7.96 1
-3.13 5.37 -3.04 -3.05 1
9.14 2.67 -2.80 -0.52 0
2.94 -4.51 9.55 -1.59 0
-0.34 -5.85 7.61 -5.73 0
7.64 2.44 9.56 4.42 1
8.88 -4.17 9.69 5.96 1
-6.89 1.92 -6.35 -8.36 0
8.13 8.02 8.31 2.87 1
9.66 5.54 -5.76 4.06 1
-1.50 1.63 6.48 8.91 1
8.64 4.70 7.49 0.17 1
-4.17 2.31 -4.75 2.35 1
-7.08 -2.26 8.87 9.05 1
5.80 -5.84 -5.66 -4.45 0
1.38 -5.35 -6.15 0.93 0
8.16 0.32 3.48 4.09 1
8.73 -1.07 6.20 3.07 1
-6.28 2.19 9.66 -1.74 1
7.00 -9.07 1.67 -3.53 0
3.14 4.35 0.26 -4.77 0
-0.03 2.27 -0.60 -5.69 0
1.14 -3.01 -2.77 -4.86 0
6.96 -4.36 -1.20 7.70 1
5.12 -7.04 -7.68 9.20 1
-2.80 9.54 4.48 9.44 1
-8.09 1.34 8.51 -6.90 0
1.18 -7.64 6.64 -8.37 0
-8.41 4.39 -2.37 3.86 1
-9.66 -4.74 9.72 -2.35 1
2.07 -9.99 9.33 3.44 0
1.31 -1.61 6.76 -5.70 0
3.35 -3.55 -8.49 -2.85 0
6.15 9.69 2.01 -5.14 0
-4.70 -8.54 7.06 0.18 0
-5.16 0.97 9.54 8.66 1
7.72 -7.38 -2.66 -9.57 0
1.38 -9.41 0.19 -2.06 0
-3.47 0.94 7.17 -9.17 0
9.81 7.18 -5.32 7.65 1
5.02 4.61 -8.40 9.31 1
1.56 -6.09 5.26 -1.00 0
-6.22 -5.11 9.38 9.78 1
-9.73 -2.24 -6.35 2.26 1
8.34 1.11 -6.56 -7.93 0
-4.37 -6.80 -2.34 9.79 1
-1.78 -3.36 -6.88 4.30 1
-7.58 -5.25 4.23 -5.28 0
6.33 -7.06 8.64 -4.32 0
-3.86 -2.08 -8.61 6.19 1
-7.61 3.48 2.50 3.07 1
-8.50 -7.10 6.79 -3.23 0
-0.63 4.58 -1.88 9.40 1
-4.78 0.53 -4.82 2.73 1
-3.35 5.08 0.76 -2.70 1
9.31 4.98 -7.27 2.98 1
-1.18 1.87 0.76 5.93 1
6.27 2.49 -9.50 7.22 1
3.85 3.13 4.15 4.46 1
-7.50 -9.12 -5.24 9.18 1
-0.45 6.24 0.81 0.17 1
1.26 8.96 -3.31 5.47 1
-7.86 2.45 5.21 4.55 1
-8.50 0.55 9.13 5.94 1
-4.36 5.08 9.70 5.53 1
-6.13 2.44 -7.17 6.05 1
6.09 3.32 -4.37 -1.01 0
-9.74 0.75 -0.14 -2.86 1
9.27 8.57 -7.75 -2.14 0
-1.78 5.19 6.76 -4.85 1
-4.14 5.20 -1.56 2.00 1
-3.46 -4.36 -5.08 -6.38 0
2.82 2.79 7.45 -3.10 0
-6.67 0.49 0.93 -8.46 0
4.76 -8.28 -0.32 -5.32 0
3.01 -8.77 4.30 -8.09 0
4.25 9.12 -6.43 -4.67 0
3.35 2.72 5.26 -8.44 0
-5.17 7.08 9.62 -8.42 1
9.08 -6.41 -9.87 8.03 0
-4.48 0.08 7.80 5.45 1
3.37 6.25 6.93 -5.79 0
0.75 -6.32 3.25 9.88 1
-6.69 -9.06 -1.33 -3.63 0
-5.60 1.32 -9.64 -6.63 0
1.05 3.23 7.10 -3.64 0
1.93 1.19 -9.56 -8.86 0
6.62 9.56 4.29 3.66 1
-0.68 -9.83 2.95 -9.22 0
3.92 0.11 -5.31 7.96 1
2.72 -3.18 5.36 5.66 1
-3.80 -6.47 -4.61 8.00 1
7.54 0.27 -8.20 -5.63 0
2.31 3.05 6.93 -2.62 1
-9.05 7.05 5.48 9.32 1
-9.94 -1.74 -7.67 -7.02 0
-3.53 2.74 5.05 2.72 1
-1.92 2.17 7.04 -3.18 1
4.59 0.56 9.94 3.15 1
-7.64 7.91 7.19 6.88 1
-1.81 -6.46 -5.32 0.90 0
9.02 4.55 8.80 -2.21 0
-3.39 2.62 7.47 5.35 1
-0.61 6.56 -4.39 -3.08 1
-2.81 -2.77 -7.18 2.50 1
-1.06 6.18 -2.01 6.68 1
8.10 -9.33 3.64 5.93 0
6.26 -6.66 -9.47 8.66 1
-3.01 -7.46 -0.65 3.46 0
0.95 -9.61 -0.47 1.38 0
-2.32 -6.04 -5.68 -8.79 0
7.85 0.36 -4.10 1.09 0
3.11 8.80 1.52 -1.56 1
9.91 2.04 -9.71 -1.15 0
-1.31 7.35 9.27 -0.29 1
-5.91 2.56 -8.89 -4.45 0
9.70 8.52 2.62 -4.11 0
-4.56 -3.20 -3.68 -5.64 0
-8.74 -4.76 -0.06 1.49 1
6.04 -7.39 -7.48 -6.82 0
7.50 8.93 -0.33 1.75 1
-4.26 7.74 -3.94 7.24 1
0.70 2.94 7.85 -7.36 0
-7.78 -5.64 4.80 9.01 1
0.37 -6.77 -2.34 -6.45 0
-7.08 -8.24 -5.47 -2.79 0
7.51 9.49 -2.63 6.91 1
6.48 -7.09 -1.27 -8.04 0
-6.13 -5.09 7.93 4.34 1
6.24 -4.32 -4.35 -2.01 0
1.52 7.74 -3.33 3.69 1
3.38 -5.61 -8.66 2.88 0
-7.25 2.96 -1.76 6.41 1
-7.71 -7.70 -7.27 2.24 0
5.28 -2.91 -0.65 9.86 1
5.68 0.91 9.25 8.89 1
-7.04 4.57 8.44 -6.23 1
2.14 -3.39 7.19 7.83 1
-2.94 -1.30 -3.26 5.50 1
-6.38 -9.50 5.26 4.11 1
-1.95 -4.55 1.95 -6.51 0
5.42 -7.97 5.48 -4.55 0
3.24 3.37 -9.05 3.32 1
6.32 -7.83 -1.92 6.64 0
-9.98 7.70 2.84 -4.13 1
-8.62 -3.20 4.20 7.57 1
-9.88 1.98 -1.42 -7.97 0
5.00 6.06 5.36 1.95 1
4.66 5.30 8.70 -6.59 0
-3.13 0.35 -6.60 -1.36 0
5.27 8.45 -4.81 -6.51 0
8.24 -1.36 -0.21 2.48 0
1.31 -2.87 9.16 -1.34 0
-8.69 -0.16 8.12 6.71 1
-1.77 5.38 -9.62 3.68 1
9.12 2.98 -1.45 -6.27 0
-2.86 -2.40 0.12 -9.16 0
8.59 6.71 -1.87 -3.62 0
-9.24 2.14 3.68 7.51 1
4.37 -5.86 -4.19 -3.49 0
-4.25 4.85 3.72 1.30 1
-4.09 -6.65 5.84 2.96 1
6.47 -4.33 -8.93 -2.53 0
5.48 9.62 8.58 -4.34 1
0.37 6.54 3.95 7.88 1
9.62 9.83 2.42 8.12 1
9.94 3.76 -7.74 6.10 1
1.69 4.87 5.65 4.99 1
1.43 3.16 8.03 7.98 1
7.96 0.71 -7.83 -3.23 0
5.31 0.97 8.57 2.25 1
5.01 -6.13 9.80 -1.37 0
8.60 -0.99 3.42 0.54 0
-9.20 -8.07 -4.94 5.25 1
4.24 7.05 1.65 1.26 1
7.18 4.86 3.20 -1.35 0
-2.71 -9.29 0.64 6.85 1
-3.71 -2.20 -2.57 -9.07 0
-6.56 -1.92 2.83 -1.15 1
-1.48 1.07 5.98 9.02 1
-0.44 3.25 -8.33 0.13 1
4.50 -1.99 0.99 -6.91 0
-8.44 9.99 3.13 -1.06 1
-1.19 -3.47 -1.97 5.95 1
9.59 3.70 -5.89 -6.01 0
-2.04 -5.22 -0.07 -4.91 0
5.60 4.88 -5.94 5.25 1
-9.89 -2.98 -5.99 -5.52 0
-6.51 2.41 -8.89 -0.30 1
9.27 0.05 -3.72 -2.02 0
-3.30 9.69 9.10 6.72 1
1.47 -3.93 1.57 1.45 0
-6.41 -8.09 -3.15 2.29 0
5.48 2.76 3.47 -4.69 0
5.44 -2.33 -4.17 6.78 1
-4.33 -4.00 -7.27 -5.23 0
-2.73 -6.79 -2.14 5.46 1
-0.39 6.24 8.12 -0.65 1
6.59 2.25 8.82 6.45 1
7.91 4.05 -1.51 -0.96 0
0.08 -0.12 0.00 -4.62 0
-1.00 5.59 -0.08 8.62 1
3.29 -6.43 -6.79 -8.73 0
6.34 -6.31 -3.33 -2.50 0
-6.51 9.52 -8.89 -6.79 0
0.65 -4.74 -0.11 6.73 1
-9.31 7.60 8.99 -8.00 1
4.74 0.81 2.88 -9.72 0
6.96 -7.02 9.40 6.57 1
3.54 -3.41 -3.33 2.56 0
-0.95 -2.19 5.94 9.25 1
-3.07 5.22 -5.19 -1.00 1
-5.47 -9.00 7.53 9.74 1
7.85 -4.50 1.16 1.81 0
6.30 -0.59 -0.60 -8.14 0
3.35 7.00 -0.43 7.70 1
-4.16 8.55 2.40 2.77 1
-8.81 0.25 9.21 -0.24 1
-10.00 -3.82 -3.43 -0.89 1
8.14 -5.61 -9.92 1.62 0
-3.31 0.64 -0.67 -8.28 0
9.27 2.70 5.51 8.87 1
-0.10 3.63 -3.16 -4.09 0
9.06 -9.62 -6.91 -6.38 0
-7.99 9.81 -6.56 8.29 1
-0.96 -1.39 7.44 3.63 1
-7.68 3.56 -2.72 1.36 1
-9.61 9.63 6.83 8.97 1
3.65 5.26 -4.93 7.51 1
2.09 -3.49 -9.98 7.40 1
-0.26 -5.38 -7.22 -3.73 0
9.68 5.39 -9.21 -0.94 0
-2.07 2.77 4.46 7.70 1
5.07 -5.95 -7.99 -4.52 0
-9.85 -0.49 -6.61 9.41 1
3.31 -4.46 6.42 -7.19 0
-9.47 6.84 -4.63 9.94 1
-3.12 0.83 -4.14 4.67 1
2.92 -4.65 -1.81 5.96 1
3.34 -0.78 6.01 -5.60 0
-3.77 4.66 -2.90 5.93 1
-3.11 0.34 -1.41 -8.05 0
1.16 -5.78 -9.51 -2.28 0
-0.38 6.67 7.93 5.48 1
6.25 -4.11 5.35 -7.10 0
-6.77 -9.81 -6.11 2.67 0
-3.44 4.51 6.91 5.14 1
-3.24 -7.72 8.14 1.86 1
3.20 7.98 -8.06 5.40 1
1.18 -9.54 -4.41 -1.83 0
-3.15 2.90 -9.83 1.42 1
-3.60 0.87 -1.88 -5.46 0
3.54 7.36 3.28 -5.87 0
-8.39 -9.62 -7.57 -7.13 0
5.83 7.09 -4.16 8.53 1
-5.61 -2.92 -0.98 5.32 1
-2.33 -3.77 -2.22 1.63 1
3.04 4.22 -9.20 6.02 1
-0.76 2.79 -4.91 3.12 1
8.09 2.25 6.80 -2.41 0
5.07 -8.01 4.98 2.66 0
-1.50 9.25 -8.42 -6.21 0
-9.93 -2.43 6.40 8.92 1
9.44 6.27 -3.16 2.12 1
-9.13 5.60 -4.55 0.16 1
4.91 -6.92 -4.12 -2.81 0
-6.34 2.59 -3.81 -5.45 0
4.11 -0.15 -2.54 9.69 1
-8.95 -4.70 5.07 1.36 1
7.99 8.64 0.28 6.26 1
3.03 -1.92 -9.48 -3.26 0
4.80 1.56 8.25 8.76 1
3.12 7.43 -9.80 -5.36 0
-1.39 -2.32 -8.35 5.95 1
-3.67 7.95 -6.48 8.82 1
9.36 5.58 4.15 -4.22 0
-0.03 -0.55 2.01 6.32 1
-1.38 3.48 -9.07 1.66 1
3.82 -0.59 5.12 -1.55 0
-0.50 3.93 7.76 -9.30 0
-9.06 0.31 -6.05 -0.33 1
-5.10 5.01 -3.61 7.29 1
5.43 6.48 0.70 -9.62 0
-7.36 -5.04 6.04 0.12 1
-1.48 -0.46 -3.87 4.00 1
-8.47 2.27 -3.67 5.91 1
9.20 7.30 2.80 4.34 1
-2.99 8.12 1.51 -2.01 1
0.86 -4.75 6.69 3.78 1
-9.70 3.09 1.24 -7.00 0
0.22 5.26 -5.39 -2.02 0
-4.79 7.88 -6.13 9.83 1
-9.07 -9.86 -2.07 9.25 1
1.17 5.43 -7.73 -9.53 0
3.95 5.57 4.89 -0.78 1
-2.21 0.16 -1.21 -5.07 0
-8.92 -7.44 -0.92 9.59 1
-4.49 8.06 -5.97 -0.79 1
5.99 -1.16 -2.31 8.06 1
1.06 9.15 -1.29 2.81 1
5.67 3.88 2.99 0.70 1
1.10 3.69 6.20 -5.86 0
5.61 -9.26 6.23 2.72 0
3.92 -9.51 5.48 2.56 0
-6.58 -2.98 -1.99 -6.64 0
1.00 -7.77 7.83 3.29 1
-7.83 0.84 3.69 -4.48 0
-4.53 6.62 -6.06 -5.98 0
4.62 -8.78 9.72 -1.62 0
-4.76 7.55 5.30 1.91 1
-9.34 0.05 8.02 -8.05 0
5.72 -2.53 -1.38 9.11 1
-4.94 -9.53 -2.06 -9.50 0
-9.26 3.92 -0.78 2.00 1
7.06 6.87 -4.29 -9.28 0
-2.29 9.99 -9.53 -1.25 1
3.05 -2.38 8.54 8.93 1
3.88 9.51 0.48 4.91 1
2.12 5.98 -9.50 -1.71 0
-1.35 -0.47 2.66 8.60 1
-6.46 -4.36 -6.03 -6.19 0
-4.67 -3.80 -5.20 2.82 1
-7.78 -0.12 3.65 -4.85 0
-9.62 5.67 5.97 7.49 1
2.58 8.15 4.95 2.27 1
-6.63 5.99 5.70 8.76 1
-3.33 8.80 3.93 4.08 1
-4.09 1.70 -4.94 -1.75 1
-8.08 0.49 5.14 -7.20 0
-2.91 3.85 -0.31 1.46 1
1.04 2.03 0.37 -6.60 0
-0.21 3.53 -4.39 5.75 1
7.53 9.26 -6.88 6.65 1
-9.30 -9.66 -8.36 -1.98 0
6.52 -8.65 -3.64 7.83 0
1.89 -2.14 0.97 7.34 1
-1.77 -7.76 2.32 0.28 0
8.50 3.78 -3.35 7.16 1
3.44 -4.92 -9.45 -9.75 0
6.28 0.09 4.14 -7.34 0
7.01 -3.23 9.38 -1.82 0
-9.20 1.20 -8.17 -2.03 1
8.24 9.60 -8.86 -5.49 0
-0.12 9.48 2.06 3.89 1
1.88 -8.16 5.90 -6.74 0
5.46 2.73 -9.78 -8.09 0
-1.29 -5.71 4.00 1.65 0
6.24 -7.17 4.45 5.13 0
-0.65 -5.20 2.43 8.81 1
-2.53 -9.76 3.69 1.90 0
0.33 -2.44 -4.93 1.90 0
-0.79 -6.28 -3.59 -7.23 0
-3.92 -0.67 -8.09 2.92 1
9.26 9.66 7.81 -3.47 1
5.79 9.28 -2.69 4.13 1
-7.65 -9.41 7.99 -4.00 0
-1.17 -5.24 2.47 5.63 1
1.65 7.24 -1.41 -0.68 1
-2.26 9.51 -8.03 3.00 1
-5.95 -6.39 0.69 -2.65 0
2.46 6.74 9.78 -1.51 1
5.59 9.57 -8.75 -6.94 0
4.72 3.57 -5.57 -6.36 0
-1.73 -9.65 0.96 3.34 0
6.31 9.19 -1.18 6.85 1
-5.43 -2.54 -9.12 -0.73 0
0.28 -6.60 -5.58 3.89 0
1.12 -9.61 -9.43 -4.79 0
-1.39 -2.36 5.11 -5.38 0
7.70 3.65 5.15 2.69 1
-4.62 -4.65 0.72 -5.83 0
-6.98 -1.40 4.05 9.68 1
-0.76 -6.18 5.33 -8.33 0
-6.48 4.33 8.85 -9.12 0
-6.12 -5.84 0.33 -5.13 0
-3.40 7.40 2.94 -0.11 1
-9.43 -8.33 7.52 3.76 1
4.52 -5.51 -9.54 -1.15 0
1.31 3.36 2.06 -8.62 0
0.36 -2.24 -2.85 6.27 1
6.63 -5.40 -9.39 -4.89 0
-7.63 -2.87 -9.32 8.82 1
-3.17 1.98 -5.43 6.60 1
-2.03 -0.96 3.10 7.65 1
-9.64 -5.87 3.49 -6.51 0
-6.18 -3.78 2.85 -4.92 0
-1.61 -2.40 8.91 -8.82 0
3.25 -2.32 9.01 2.31 1
9.15 -0.21 -6.54 7.91 1
-2.68 3.63 5.40 3.81 1
-8.91 5.67 -4.52 -8.82 0
-9.05 4.68 -3.04 9.19 1
-1.47 -9.53 -5.81 8.91 1
0.36 9.71 -3.81 -1.88 1
8.72 -4.79 5.43 3.40 0
-6.84 -8.02 -7.99 -0.84 0
4.09 -3.04 3.13 1.38 0
7.48 7.84 -1.16 -1.92 1
-9.13 6.53 8.28 1.40 1
7.57 8.26 6.38 -8.39 0
5.91 -1.70 -0.00 -0.99 0
2.73 -8.98 5.84 -0.72 0
1.21 3.52 -9.67 4.51 1
-0.48 1.83 9.65 -4.62 0
-4.93 4.68 -2.76 0.52 1
-7.40 4.62 5.88 2.26 1
3.44 -7.16 -3.77 -7.84 0
-1.22 0.80 -5.99 -5.29 0
9.93 -0.14 -6.04 2.93 0
-4.87 8.00 -9.75 5.80 1
-5.65 1.91 0.38 -5.93 0
-9.17 2.14 2.24 8.65 1
-8.45 9.32 2.53 3.36 1
7.31 0.06 -1.03 -7.22 0
-2.30 2.78 8.17 5.00 1
6.14 5.57 6.54 -1.03 1
5.87 1.06 -7.39 -3.31 0
9.03 6.36 5.47 1.45 1
-2.15 -9.73 6.70 5.35 1
-0.50 -5.64 -9.71 -8.77 0
4.26 9.73 9.43 7.77 1
0.59 7.16 -2.89 -0.62 1
9.76 -5.43 -6.85 7.51 0
8.13 -6.93 9.82 4.15 0
5.44 0.15 -5.29 -5.60 0
3.97 7.37 0.76 -9.33 0
-4.72 -1.73 -9.26 -2.04 0
-1.35 -7.68 6.33 -2.85 0
8.66 0.40 0.14 -9.00 0
-2.03 -1.45 3.51 6.33 1
-4.18 7.86 2.21 4.95 1
-7.14 -9.59 -2.17 6.07 1
8.31 -5.80 3.39 2.91 0
-2.88 2.78 -1.56 7.88 1
-8.70 9.66 -9.06 2.05 1
2.34 1.99 1.22 -2.83 0
-0.24 2.94 -3.23 1.50 1
4.52 8.48 5.39 -5.84 0
-4.55 0.27 -0.44 -2.80 0
1.92 3.59 -5.59 9.20 1
6.62 6.96 -1.58 9.89 1
8.41 8.28 -3.05 1.31 1
-2.54 1.36 -3.73 -2.32 0
-8.04 6.18 8.49 -6.18 1
-0.77 -3.56 -3.87 9.47 1