3.76 -2.73 1
-7.66 -6.43 0
9.78 -8.39 1
-7.62 -1.39 0
-7.73 0.41 0
-8.42 -4.60 0
1.46 8.28 1
1.37 -4.30 0
-0.16 -7.41 0
6.04 9.33 1
2.07 -0.21 1
-9.32 2.62 0
7.20 -2.00 1
5.85 -5.79 1
-0.53 7.27 1
-7.51 9.21 0
-5.70 1.15 0
5.48 -7.35 1
1.45 5.43 1
-4.52 -6.20 0
8.85 -6.26 1
-4.82 -6.20 0
-2.70 -6.88 0
8.24 0.86 1
-1.10 7.64 0
-0.09 -9.90 0
3.03 9.68 1
-3.97 4.09 0
-8.69 -7.71 0
-4.76 -3.30 0
-9.45 -5.42 0
-0.08 4.85 0
7.82 1.35 1
-2.66 6.95 0
7.66 7.10 1
-5.87 -6.02 0
2.24 7.47 1
1.82 6.94 1
4.11 1.34 1
1.05 -2.73 0
7.44 9.86 1
4.21 5.62 1
0.04 3.72 1
7.86 -5.63 1
-1.07 3.09 0
5.04 0.85 1
-5.22 -8.85 0
8.71 -7.46 1
-2.01 9.19 0
0.92 -2.95 0
-2.64 6.97 0
-0.69 2.42 0
7.43 0.22 1
-7.43 9.34 0
-0.64 7.49 1
-0.52 -6.87 0
5.35 3.15 1
7.81 9.05 1
-8.75 -9.59 0
1.07 3.11 1
4.80 -7.92 1
0.73 3.93 1
-4.82 -4.39 0
-2.19 0.92 0
-1.13 -9.92 0
4.07 -0.53 1
-6.76 1.38 0
-5.81 -0.15 0
1.08 0.56 0
-6.59 6.90 0
-9.94 -6.28 0
6.83 -1.26 1
2.60 -6.06 0
-6.43 -1.54 0
-1.82 -3.99 0
9.57 7.30 1
-3.51 3.05 0
0.40 -6.03 0
-6.44 -6.42 0
6.02 7.96 1
4.46 0.16 1
0.55 -7.93 0
7.19 3.93 1
4.94 -4.88 1
-3.34 3.84 0
2.80 8.17 1
-7.78 -2.43 0
-8.72 5.93 0
-2.36 -5.84 0
-7.34 8.56 0
7.79 7.88 1
-4.71 8.73 0
-6.82 -2.83 0
7.01 -6.38 1
-9.79 -6.69 0
9.27 -7.72 1
2.76 8.82 1
-4.96 -5.04 0
-0.83 7.76 1
0.58 3.03 1