-4.29 -0.53 -3.94 1
5.18 -1.55 -4.92 1
5.65 -3.08 1.98 0
-7.41 8.38 2.40 0
9.63 3.11 0.34 1
9.56 -7.35 -5.69 1
2.56 -8.78 5.16 0
6.37 4.22 -2.38 1
5.46 -3.50 -8.33 1
3.47 9.93 4.40 1
4.31 -8.57 -9.44 1
-7.56 6.15 -6.64 1
7.66 -9.18 -6.35 1
6.40 -7.62 8.79 0
7.40 9.23 7.20 1
5.35 6.89 6.15 1
7.38 -9.43 -9.97 1
5.07 1.47 -7.87 1
-7.87 9.14 4.70 0
-9.20 2.52 -9.08 1
-4.43 3.30 -8.60 1
3.46 3.01 -8.73 1
4.19 2.94 9.14 0
0.98 -3.69 -6.08 1
-9.03 -9.75 7.32 0
0.11 3.18 -4.18 1
-9.89 -8.77 4.05 0
-2.27 -1.77 -0.62 0
6.20 5.35 -7.56 1
-2.53 -4.83 3.95 0
-3.92 6.35 -0.04 1
0.42 8.24 7.46 0
1.75 -8.04 -6.60 1
3.44 9.82 -7.25 1
6.98 -9.61 -3.15 0
9.80 6.92 2.36 1
9.75 1.95 3.67 1
1.20 -3.16 3.12 0
-7.20 -7.01 -2.93 0
5.15 -2.07 -3.84 1
3.24 -6.12 4.86 0
5.57 -2.95 -2.54 1
-7.63 -7.84 1.37 0
-4.16 -0.23 8.12 0
2.45 -3.57 -3.17 1
-6.00 3.27 2.60 0
-1.97 6.04 -1.97 1
8.76 9.48 -0.67 1
7.52 8.73 -5.54 1
-4.05 5.06 2.41 0
-8.53 -4.44 -6.39 0
9.96 -2.83 -9.41 1
6.15 -7.58 -3.87 1
8.25 -6.70 -7.14 1
-1.30 -3.21 -4.92 1
-6.55 -0.68 5.41 0
6.64 9.89 8.28 1
-6.56 2.15 -2.52 1
2.00 7.22 -4.76 1
0.42 -1.04 1.51 0
9.75 -0.34 1.64 1
-4.55 -9.70 3.58 0
8.45 2.95 -1.49 1
0.66 -6.50 2.32 0
-1.97 -6.64 -2.44 0
-9.60 8.87 -1.34 1
8.33 2.98 -9.98 1
-7.97 -5.06 -5.10 0
8.37 9.16 -2.29 1
1.21 -8.86 2.19 0
2.11 3.21 -0.39 1
-4.08 3.41 2.77 0
2.53 3.56 -2.54 1
1.98 8.92 1.07 1
-7.98 -4.19 2.32 0
4.80 3.14 -9.40 1
0.94 7.72 1.31 1
2.87 -8.42 6.45 0
3.62 9.62 9.16 0
-6.71 9.46 -6.20 1
-1.87 -4.61 9.85 0
-3.10 -2.63 -3.39 0
3.74 -5.75 -4.25 1
-3.32 7.62 8.17 0
-7.74 7.14 9.70 0
8.92 1.39 -6.52 1
-5.77 4.21 -7.79 1
9.49 7.40 4.29 1
-1.96 -9.32 -7.90 0
-8.58 2.24 1.40 0
5.86 0.11 -4.43 1
2.98 -6.79 7.81 0
-9.68 8.34 -7.75 1
4.11 7.56 -6.81 1
-6.76 -8.60 5.14 0
3.09 -3.12 9.51 0
6.16 -8.68 -0.86 0
-7.12 0.21 3.36 0
0.60 -0.34 3.10 0
-9.74 -0.96 -0.44 0
-5.31 5.68 -4.29 1
9.25 8.98 -1.26 1
8.37 2.60 5.69 0
-3.14 -3.27 8.68 0
-2.77 -9.20 4.27 0
-7.60 4.99 3.15 0
7.08 -4.58 7.55 0
-1.85 7.54 -3.08 1
1.59 -2.07 9.73 0
-9.01 -8.17 -2.19 0
-5.42 -7.94 2.59 0
-2.62 0.81 4.71 0
1.55 1.64 6.40 0
-9.06 1.82 4.44 0
4.31 8.89 2.38 1
-4.78 0.42 -1.24 0
6.86 9.24 -8.37 1
-6.95 5.49 -8.87 1
8.03 -8.39 -3.25 1
2.52 3.82 4.80 0
1.04 -4.80 -0.97 0
-7.62 1.50 -6.82 1
6.21 9.74 -5.40 1
-0.47 4.87 -0.92 1
6.75 6.44 9.59 0
8.03 -7.87 1.13 0
-2.22 5.39 -8.22 1
3.91 -2.36 -9.75 1
4.25 9.97 7.60 1
-1.36 -5.99 -8.19 1
4.99 0.07 5.56 0
-4.77 3.31 5.31 0
-1.76 8.78 -4.79 1
-3.72 9.62 3.71 1
-8.75 -0.94 -6.16 1
9.56 -6.54 -8.11 1
5.34 9.14 6.95 1
-8.55 8.03 5.84 0
-7.01 -7.29 5.50 0
-3.85 2.50 -9.64 1
8.54 -9.35 0.17 0
3.13 3.10 7.92 0
-3.50 -3.80 -6.20 1
-2.39 7.28 -8.44 1
-3.85 -8.90 -1.59 0
-8.94 -6.17 -8.63 0
7.69 -6.77 6.78 0
-2.90 4.40 0.73 1
-9.82 -9.46 -7.16 0
-7.16 5.20 3.25 0
6.47 -5.13 7.88 0
9.48 -4.62 -5.38 1
-5.66 3.03 2.09 0
-4.84 -2.14 -9.78 1
8.02 -7.53 -4.26 1
-1.17 -4.09 6.82 0
-7.13 0.95 -7.40 1
-2.30 2.57 -3.62 1
-9.15 -6.81 5.19 0
2.23 -1.38 6.98 0
-9.67 4.47 -9.62 1
-1.12 -0.75 7.46 0
-4.12 -2.05 0.97 0
8.86 -1.16 -8.84 1
-2.55 8.73 -9.36 1
5.33 1.23 -5.72 1
-8.00 -5.01 2.39 0
4.57 -0.29 -5.18 1
0.71 -6.85 -5.44 1
1.57 3.57 -9.25 1
1.89 -2.42 0.62 0
5.12 6.68 -4.44 1
1.98 0.61 -8.63 1
-7.27 8.66 -3.99 1
6.56 -8.92 -9.43 1
6.16 2.33 -9.45 1
0.94 -9.91 0.77 0
-8.55 -6.06 -3.71 0
-0.58 -6.10 -3.47 0
-5.38 -0.42 -7.06 1
-4.55 -6.59 -6.67 0
0.44 -4.69 0.20 0
-0.95 -2.65 4.85 0
-5.04 6.14 -6.77 1
-4.97 6.12 -3.11 1
3.84 4.76 -9.12 1
-4.29 -7.64 7.97 0
4.23 -5.91 -5.34 1
-0.91 -6.36 -6.29 1
5.05 3.19 0.33 1
-0.90 -4.69 -8.30 1
1.97 -3.38 -3.10 1
4.89 -3.14 -3.14 1
-6.20 8.43 4.70 0
-5.73 -8.13 2.68 0
5.69 9.16 9.44 1
-4.04 5.25 -6.48 1
-5.62 4.93 -1.26 1
5.97 -5.72 -1.74 0
5.09 7.21 -1.58 1
-6.24 9.20 -9.93 1
-5.55 7.38 -8.96 1
7.82 1.95 -5.21 1
-5.62 -7.53 -4.70 0
-0.22 7.63 -2.88 1
4.83 -8.89 -6.92 1
1.12 -6.39 8.71 0
-5.01 -9.55 0.79 0
-1.57 -5.06 -9.34 1
1.50 2.80 8.53 0
8.88 6.90 -5.10 1
4.25 6.27 -7.93 1
-2.90 -8.07 -7.74 1
-2.65 -3.64 8.25 0
-8.30 1.83 -0.46 0
9.82 1.01 4.76 1
4.19 3.74 -5.47 1
-6.44 0.71 8.93 0
-4.27 0.86 9.73 0
8.97 -4.85 3.46 0
3.54 7.82 -0.09 1
-7.11 0.73 -9.88 1
1.11 2.08 0.75 1
2.85 3.45 8.43 0
-2.41 -4.05 -8.59 1
4.89 5.12 6.16 0
-2.83 0.57 0.58 0
-7.66 8.36 7.21 0
-5.74 9.05 9.74 0
-7.63 -0.57 6.99 0
-9.23 -7.13 -6.59 0
-1.02 -9.55 -3.79 0
6.60 -0.13 -2.70 1
3.10 -7.60 9.71 0
5.86 -5.63 7.01 0
2.67 -6.11 3.85 0
-1.58 8.88 -3.73 1
-2.57 1.24 -7.07 1
-0.72 -1.59 -3.18 1
0.43 1.90 -0.87 1
6.54 1.51 9.66 0
-0.16 0.35 9.33 0
0.89 -2.91 2.06 0
-9.53 -4.59 6.13 0
-1.33 -5.86 0.95 0
4.27 -8.50 7.61 0
-5.57 5.63 3.80 0
-3.69 -8.37 1.50 0
1.55 8.94 -8.56 1
5.27 -7.83 -0.02 0
9.29 5.83 -0.97 1
5.51 -2.32 -0.74 1
9.06 1.13 -8.49 1
-4.83 -4.77 -4.15 0
-9.37 0.79 6.07 0
9.87 3.04 -6.05 1
-9.52 -9.64 -2.04 0
4.20 7.35 -5.18 1
0.28 -9.92 -2.80 0
-0.97 -4.63 -9.49 1
5.27 3.22 6.04 0
-1.83 4.62 -1.25 1
-7.30 -6.54 -8.76 1
-8.22 9.29 -6.60 1
1.56 7.67 9.00 0
-7.57 -0.17 9.09 0
-7.99 -6.66 -9.76 1
-8.10 -4.34 -9.97 1
-9.69 -2.48 -4.85 0
2.35 -7.60 -1.55 0
-1.67 -0.26 -8.90 1
0.53 7.11 9.97 0
9.62 5.53 -6.86 1
0.33 -2.98 6.74 0
-8.15 -6.48 2.74 0
-4.33 -4.10 0.72 0
-0.72 -1.84 6.80 0
0.20 -0.15 -5.12 1
1.86 1.63 3.64 0
-7.32 -7.53 -6.74 0
-1.91 1.29 9.11 0
-7.90 -4.93 -7.57 0
9.12 5.51 -4.25 1
-2.36 3.43 6.99 0
7.58 -4.75 0.44 0
8.31 -4.03 7.09 0
7.04 -4.20 3.32 0
-8.97 9.28 9.26 0
8.29 -3.11 -1.08 1
-1.20 9.48 9.98 0
-4.42 -3.12 -0.57 0
-0.78 -0.90 -9.03 1
7.03 -5.25 -8.41 1
-4.70 9.70 3.83 1
-5.22 -0.39 -9.96 1
-6.68 -5.61 -2.65 0
-3.83 1.70 -9.43 1
6.14 -0.56 -5.30 1
0.84 9.17 9.21 0
4.44 -9.38 8.04 0
-0.00 -5.72 -5.02 1
4.48 -6.58 8.66 0
5.15 1.37 -5.58 1
0.87 3.11 -8.11 1
9.54 -0.11 -1.05 1
9.78 -6.67 2.37 0
-3.64 3.24 -1.50 1
-4.55 4.44 -9.42 1
5.01 -8.03 6.11 0
-3.66 -5.97 -9.22 1
6.91 -6.35 -6.33 1
1.90 2.17 -9.76 1
-4.90 -1.43 -5.60 1
-6.11 0.18 -3.36 1
-3.80 -5.45 -4.72 0
9.95 2.78 3.92 1
2.57 -1.07 -7.33 1
5.25 -5.59 8.68 0
-9.95 9.80 -4.02 1
-9.17 -2.59 -9.94 1
-8.99 7.38 -9.22 1
9.05 -3.57 -1.31 1
-5.10 6.99 6.87 0
-0.98 -1.02 7.80 0
-2.61 -9.21 2.36 0
5.86 -9.18 -10.00 1
-6.91 2.12 -8.88 1
-3.83 2.56 -2.25 1
-6.29 2.51 4.33 0
3.52 9.76 4.67 1
-3.50 3.63 2.33 0
9.63 3.35 3.52 1
9.51 -9.70 -5.67 1
-6.56 1.87 -4.14 1
6.18 -8.67 9.98 0
-6.78 7.61 -7.95 1
1.36 0.52 4.86 0
3.35 5.57 0.25 1
-8.84 -6.76 1.46 0
6.60 -6.24 8.34 0
-9.21 9.03 7.65 0
8.25 9.15 2.83 1
7.09 -2.92 6.66 0
5.95 -6.81 0.06 0
8.70 -8.78 8.33 0
-9.58 -0.10 -7.07 1
7.13 -0.16 3.43 1
-2.63 4.38 -7.91 1
2.98 -5.83 6.78 0
7.65 -9.72 6.01 0
-3.63 0.54 9.92 0
-7.86 -2.24 -6.70 1
6.10 -2.50 1.11 1
1.97 3.51 -1.91 1
0.72 -9.50 -9.16 1
-9.70 3.25 -5.43 1
-6.10 9.72 7.96 0
-4.92 -4.42 -5.38 0
-1.21 2.43 5.85 0
-1.85 -1.88 3.73 0
7.79 -7.78 -0.97 0
-4.23 0.89 4.46 0
9.22 -7.97 2.85 0
-7.87 -5.70 -8.94 1
8.30 -6.19 -4.03 1
-7.05 5.91 6.83 0
3.83 -8.95 3.60 0
-3.41 -2.08 6.39 0
5.59 -7.59 -5.95 1
-5.53 5.13 3.71 0
-6.55 -4.81 1.59 0
0.51 4.36 0.25 1
1.79 2.26 4.09 0
-4.92 2.16 -9.41 1
7.33 -3.58 -9.81 1
2.92 -1.43 -8.64 1
-8.21 -3.48 -4.80 0
8.77 4.43 -4.58 1
-8.98 -0.40 -4.91 0
9.74 9.41 6.74 1
-6.64 -7.09 -6.84 0
7.45 -1.61 -2.70 1
-9.88 -7.91 -5.17 0
3.06 5.07 8.21 0
4.61 -3.90 -9.17 1
5.03 9.95 5.15 1
-3.24 -3.03 -8.47 1
7.71 -1.95 -7.99 1
-8.15 7.36 -8.71 1
-1.08 1.07 9.61 0
-6.48 -2.70 -7.63 1
3.38 -6.37 9.67 0
-6.95 -9.21 -1.94 0
-4.28 8.74 -0.63 1
5.63 -4.51 -1.21 1
-2.56 0.73 0.49 0
-7.36 -3.70 8.15 0
9.47 -0.29 0.57 1
8.39 9.22 -2.10 1
2.14 7.99 9.49 0
9.57 2.54 -4.34 1
-3.56 8.29 -6.75 1
-7.72 8.55 4.23 0
4.55 0.48 5.72 0
-8.40 9.56 -2.34 1
-6.77 7.93 1.86 1
-4.71 -0.30 -8.65 1
-7.02 7.16 -8.92 1
9.61 -1.15 8.84 0
-8.94 -7.43 3.30 0
-7.90 -7.66 8.37 0
0.85 -1.16 2.92 0
2.89 -8.63 1.65 0
-2.88 -8.21 4.58 0
0.41 -8.44 -4.80 0
-6.34 7.77 3.37 0
-4.15 -5.68 0.50 0
9.84 3.44 -2.09 1
-2.17 -3.47 0.48 0
-4.38 -6.67 -5.45 0
7.50 -5.78 -7.19 1
6.54 -0.59 3.60 0
-3.20 5.76 8.97 0
-9.00 -6.58 2.92 0
8.16 7.72 -4.76 1
-8.52 3.69 0.32 0
1.76 3.52 -0.89 1
0.06 -1.74 -4.24 1
2.67 2.08 -8.76 1
-2.19 -2.67 -1.08 0
-9.04 -6.46 -2.40 0
1.38 2.14 -9.73 1
-3.90 4.90 -4.39 1
0.31 -7.65 -1.33 0
5.54 -5.30 -4.08 1
-8.76 9.65 9.92 0
6.67 -2.97 3.08 0
-4.99 -4.15 -4.62 0
-9.57 -1.39 3.61 0
-3.90 -4.72 -6.64 1
-9.07 3.83 1.41 0
-1.39 -3.28 7.06 0
-4.18 -8.77 -5.32 0
7.21 0.22 9.39 0
-1.32 8.17 -5.53 1
-5.86 -9.73 7.33 0
-6.63 -0.18 -2.62 0
5.26 -3.75 -4.19 1
-0.55 3.46 7.96 0
-0.59 -9.01 6.64 0
9.32 2.34 2.81 1
9.57 -4.80 1.93 0
-1.73 6.98 -0.71 1
2.18 -9.56 -0.38 0
6.08 9.42 5.40 1
-0.55 -7.58 -7.34 1
6.60 2.70 4.05 1
-9.97 -4.18 0.66 0
-4.65 -1.41 -2.57 0
-4.86 4.93 7.74 0
-5.83 -2.11 3.91 0
3.82 -4.68 1.48 0
-0.96 7.10 0.87 1
-6.99 -1.36 1.42 0
-0.99 1.18 -4.31 1
1.48 -1.40 2.52 0
9.50 -6.91 -7.04 1
3.10 -4.92 -2.35 1
-1.78 -2.52 -6.37 1
-4.90 -5.25 -2.32 0
-4.75 6.44 -2.05 1
5.54 1.07 6.61 0
-1.88 6.20 4.05 0
-0.98 0.83 -3.42 1
-1.76 2.62 9.18 0
0.21 7.48 -5.10 1
6.44 0.96 -3.57 1
7.60 2.91 8.40 0
5.38 3.60 2.49 1
1.20 -3.11 4.42 0
-9.12 8.82 -5.64 1
9.49 -9.71 6.27 0
-9.22 -9.32 3.30 0
-8.19 8.88 -1.31 1
2.59 -6.63 3.47 0
1.37 -7.54 6.01 0
-8.74 8.40 -6.84 1
-0.61 -6.39 1.52 0
-0.37 -7.60 3.92 0
5.07 2.66 9.97 0
2.91 -2.29 -7.81 1
-3.62 1.85 2.77 0
-9.88 -1.48 -2.72 0
2.37 3.12 -6.84 1
8.70 -1.97 4.62 0
-7.18 4.92 9.52 0
9.72 6.29 4.67 1
2.52 -3.46 -8.08 1
2.17 5.93 -6.51 1
4.66 -0.70 -0.15 1
-7.15 0.68 2.89 0
6.46 8.21 7.87 1
7.43 -2.09 5.87 0
-5.30 -8.20 7.41 0
8.05 -4.89 -8.45 1
-7.03 -9.91 -6.78 0
7.87 -3.29 -7.22 1
-2.38 -1.28 6.90 0
6.20 2.45 8.09 0
4.82 -8.03 -0.14 0
5.27 3.92 -2.81 1
-3.01 7.60 5.07 0
-4.82 -0.66 7.43 0
-1.93 5.62 -8.04 1
-3.30 -2.58 -0.02 0
0.35 1.23 7.87 0
6.67 3.28 0.61 1
-5.71 -5.06 1.57 0
-0.32 -0.65 -3.52 1
-1.19 -7.56 -7.56 1
-0.65 2.56 0.62 1
3.93 0.07 7.92 0
-4.58 -0.37 6.76 0
-0.52 3.34 2.38 0
8.45 1.91 -5.28 1
9.94 4.22 4.79 1
-2.86 -8.82 -0.77 0
3.12 4.85 6.55 0
4.24 -8.77 -9.83 1
-7.33 0.36 5.04 0
3.16 -4.13 -8.73 1
5.07 -8.39 -4.69 1
1.27 -8.81 5.31 0
1.70 9.93 -1.28 1
5.47 -4.69 0.96 0
5.29 3.20 -6.57 1
6.63 -2.16 -0.79 1
-3.93 7.51 -9.78 1
-8.72 7.01 1.76 0
2.87 -4.66 6.58 0
8.40 -1.49 -8.19 1
2.49 -5.72 -9.75 1
-0.72 5.38 -3.86 1
1.76 -5.21 7.07 0
5.73 3.29 1.55 1
1.08 -1.36 -8.32 1
-6.69 -2.67 -4.40 0
7.77 -2.31 6.09 0
8.78 -9.63 0.01 0
-0.34 4.96 -7.55 1
-6.09 4.64 -7.37 1
-7.78 -4.74 -7.48 1
-0.63 -8.18 1.55 0
0.80 5.23 2.93 1
-0.49 -4.91 -5.72 1
-9.67 3.01 -7.69 1
4.25 -5.66 7.03 0
9.14 -7.95 8.06 0
5.80 5.53 -6.39 1
6.08 5.26 -4.06 1
-2.76 -5.68 -3.90 0
-4.49 1.90 2.48 0
-3.47 6.63 4.92 0
1.95 4.46 2.28 1
-3.65 -1.63 -0.41 0
9.59 -8.21 0.21 0
8.01 -0.45 9.42 0
2.88 3.91 6.91 0
-7.35 -9.13 -3.59 0
-1.85 -4.76 9.95 0
-7.39 -5.27 2.39 0
-4.17 2.79 3.83 0
-1.66 6.26 -2.01 1
9.56 8.45 9.29 1
6.07 -6.26 2.42 0
-7.75 -1.60 7.33 0
3.92 -7.15 -4.14 1
1.11 -8.42 -2.92 0
-9.60 7.30 -3.59 1
-3.37 -3.55 2.60 0
1.70 -7.02 -5.20 1
-2.34 -7.47 -5.35 0
-8.92 7.68 4.48 0
-0.07 0.75 4.89 0
3.40 7.69 -7.13 1
-5.40 -8.21 -3.73 0
-3.65 -6.34 0.96 0
-8.21 -6.32 2.36 0
-7.19 -4.10 -0.09 0
9.44 0.34 -4.35 1
7.39 -6.93 1.59 0
-2.10 -9.52 0.58 0
8.33 -4.95 8.71 0
4.31 -2.30 -0.87 1
1.58 1.96 2.95 0
-2.38 -6.02 -4.24 0
7.31 5.60 6.91 1
7.02 -5.64 -3.96 1
-4.69 -0.31 -2.43 0
3.33 -8.05 0.29 0
1.98 -7.12 4.30 0
9.69 1.63 -5.65 1
-9.84 7.21 8.08 0
5.44 6.68 7.11 1
-3.01 8.51 7.69 0
3.34 -7.17 3.53 0
-5.69 9.74 4.77 0
6.93 5.41 9.73 0
0.90 -1.29 5.69 0
-8.04 2.44 -2.35 1
6.66 -5.30 7.86 0
-8.52 -8.84 7.55 0
9.33 7.43 2.43 1
-5.71 -0.47 6.22 0
-0.48 -4.85 -6.47 1
-0.75 -0.64 9.14 0
-3.80 -7.28 5.86 0
-3.64 -8.56 2.79 0
3.80 -8.27 -9.37 1
-9.74 -3.09 -9.24 1
5.63 -3.10 -7.71 1
8.07 -0.53 3.11 1
-7.52 -9.88 2.67 0
-4.73 -9.42 5.27 0
2.42 -9.40 -6.07 1
-2.89 -3.11 7.66 0
1.23 0.12 5.14 0
-9.57 -0.85 -7.24 1
4.40 -8.28 6.45 0
8.95 9.36 -7.41 1
-7.57 1.82 4.23 0
-0.13 -6.85 -4.12 0
8.90 7.59 -3.94 1
7.58 7.31 -1.26 1
-8.29 1.71 2.08 0
-4.36 -3.28 1.45 0
-5.75 -2.24 -0.51 0
5.85 -7.27 -8.05 1
8.52 -9.98 -6.28 1
2.26 -7.78 -9.24 1
-2.38 3.78 8.51 0
-7.26 7.94 -1.88 1
-7.13 9.37 4.74 0
-2.96 4.04 -3.94 1
4.10 5.07 -1.77 1
3.63 3.75 -8.21 1
-5.27 -5.27 -4.51 0
0.58 8.19 7.35 0
-5.00 -8.79 -3.36 0
-4.23 1.16 1.29 0
7.81 -8.31 8.37 0
-6.56 1.04 6.15 0
-1.94 -6.19 -2.68 0
-3.78 8.34 0.70 1
5.57 9.48 4.36 1
-7.92 -9.97 -5.87 0
6.50 5.25 0.25 1
2.84 -2.23 3.01 0
3.32 4.42 7.99 0
-3.45 -4.11 9.01 0
-2.17 7.53 -7.31 1
9.54 2.99 -0.91 1
7.65 5.27 5.82 1
8.83 4.08 1.54 1
-0.17 -4.61 -8.95 1
-6.02 1.28 4.95 0
4.40 5.02 0.85 1
-6.43 -6.69 6.14 0
-1.15 7.47 -4.58 1
9.98 7.39 3.98 1
7.38 -6.83 -5.70 1
-6.57 1.15 -7.10 1
5.36 -5.71 1.32 0
8.03 -6.41 2.25 0
3.61 9.17 7.50 1
-2.39 0.62 1.01 0
3.76 -5.19 7.35 0
5.06 -6.13 -7.09 1
6.01 1.19 9.54 0
-3.57 -2.58 2.47 0
-3.29 2.37 -5.67 1
-0.90 4.40 -9.10 1
1.31 -5.26 1.23 0
-4.98 -4.92 -8.68 1
9.99 -2.64 9.52 0
-3.48 -1.64 -8.84 1
0.23 -7.19 2.70 0
7.07 -4.83 -3.92 1
-8.94 6.93 9.74 0
7.50 -8.78 1.99 0
-2.55 3.24 0.38 1
3.63 0.59 -6.98 1
-6.08 2.15 -0.73 0
-8.96 2.60 -8.86 1
-8.28 0.18 9.85 0
-6.31 -6.08 -5.58 0
-6.19 -0.14 2.49 0
-7.12 2.28 -5.32 1
1.02 -5.90 3.29 0
0.78 7.34 -0.76 1
-1.57 0.42 -3.31 1
-1.15 1.94 -2.09 1
-5.93 9.60 -5.55 1
-4.53 8.16 4.38 0
-2.87 2.78 -1.55 1
2.10 -0.75 4.14 0
7.77 -7.97 -9.70 1
5.21 -7.29 1.48 0
-3.82 -3.52 6.51 0
-4.56 -1.37 -0.04 0
-9.64 1.99 6.31 0
-8.30 -7.81 8.49 0
7.16 -6.27 -4.81 1
9.85 2.13 6.05 1
-7.41 2.55 1.82 0
6.70 6.21 5.54 1
-3.07 6.17 6.66 0
4.95 9.04 -0.20 1
-3.85 8.92 0.45 1
-1.70 7.84 -0.71 1
-5.71 1.25 -5.49 1
3.16 4.10 4.73 0
-3.68 -7.81 3.16 0
-9.63 4.15 1.39 0
1.76 -4.13 2.35 0
6.02 -1.77 -3.27 1
7.55 -7.66 2.74 0
-1.23 -1.35 6.24 0
1.24 -7.72 -2.86 0
2.06 -7.95 9.63 0
6.55 3.49 6.81 0
0.53 -4.58 7.95 0
3.71 -8.39 8.83 0
-3.30 -7.94 -9.57 1
0.26 -6.24 -6.03 1
7.87 7.77 8.55 1
-8.39 7.39 -3.72 1
-0.41 6.69 5.00 0
-8.76 9.57 -7.61 1
-0.83 -2.07 5.52 0
7.52 6.96 -4.54 1
-7.63 7.72 -0.94 1
-5.00 -7.17 8.96 0
4.51 -2.78 2.04 0
-4.84 -5.89 -3.73 0
-8.39 -6.66 -9.73 1
-5.96 -5.62 7.51 0
-9.16 -8.05 8.56 0
5.46 -5.52 -4.58 1
-1.99 -8.55 -3.99 0
0.71 -6.17 -7.86 1
1.53 -6.76 1.88 0
-6.69 -4.81 -8.13 1
-9.32 -9.74 -7.68 0
4.73 -5.63 -3.68 1
-3.50 -1.40 -3.06 0
2.62 6.06 5.39 0
-7.80 2.72 -8.14 1
9.28 -7.67 -0.21 0
7.86 8.45 -4.20 1
-3.11 7.39 3.57 1
4.38 -0.32 9.86 0
-2.98 -5.23 7.60 0
-5.56 8.96 -0.95 1
-7.21 -6.36 2.46 0
4.99 5.13 2.45 1
-9.03 2.00 0.49 0
-7.36 -5.69 9.60 0
8.45 9.01 9.50 1
5.44 -0.67 2.13 0
-7.43 -1.24 0.14 0
-4.32 -4.61 7.01 0
2.60 9.56 9.29 0
0.43 -5.60 6.23 0
9.63 2.55 9.70 0
5.15 -7.48 -6.26 1
2.17 -8.03 -8.06 1
-0.00 0.80 7.42 0
-4.33 3.69 8.19 0
-1.93 5.81 -7.82 1
-7.34 4.14 -0.99 1
-5.84 -4.14 -4.15 0
5.62 9.60 6.96 1
9.59 -0.70 3.58 1
-8.39 -9.89 -6.91 0
6.66 9.43 -9.46 1
-3.78 -4.37 1.99 0
1.50 -4.96 -2.82 0
3.88 0.36 -5.66 1
0.08 -8.36 -8.46 1
6.37 -0.71 -5.46 1
8.15 -1.47 -9.82 1
-7.36 4.55 9.64 0
0.75 9.71 -4.83 1
-4.90 -4.43 -8.86 1
5.60 1.28 6.53 0
0.36 -1.32 0.78 0
1.95 -8.84 0.43 0
1.98 -1.29 -2.12 1
-1.34 -1.43 9.71 0
-9.35 0.35 7.71 0
3.03 8.49 -6.91 1
-0.77 8.36 9.87 0
0.59 2.48 1.60 1
6.86 -7.44 -7.94 1
8.63 -2.80 5.13 0
-0.49 -3.76 -3.41 1
-5.97 -0.65 2.44 0
-3.78 1.77 -8.15 1
-9.87 5.36 -8.97 1
0.97 -7.35 -8.12 1
-1.54 -5.69 5.59 0
-6.44 9.87 -7.29 1
-9.33 -0.47 -1.27 0
2.37 3.21 2.11 1
5.20 -4.75 1.40 0
-1.05 8.87 -2.10 1
8.90 -1.70 9.88 0
-4.04 -4.23 -7.27 1
4.34 4.03 -2.43 1
4.28 2.78 8.59 0
7.71 7.58 -6.96 1
5.70 -6.37 6.45 0
-7.21 4.41 4.03 0
-5.55 -8.95 -8.15 0
-8.48 9.70 2.92 1
-7.66 0.91 -2.74 0
3.94 3.61 -7.61 1
3.21 5.61 -2.93 1
-6.19 -1.95 0.11 0
8.09 2.56 6.40 0
-4.74 -1.28 -4.44 1
-1.37 9.54 -5.44 1
1.25 5.12 0.12 1
-3.63 2.09 2.07 0
-3.71 9.75 3.50 1
-5.53 2.58 -1.48 1
-4.16 2.54 -2.72 1
-8.97 -7.18 8.68 0
8.62 -7.61 -8.11 1
4.02 3.75 0.23 1
9.81 5.95 -6.37 1
6.71 0.45 0.83 1
0.64 -4.57 0.54 0
0.02 -4.71 8.10 0
-6.04 1.26 3.37 0
3.19 -4.35 2.48 0
-4.63 -3.90 -8.11 1
0.70 -3.46 -1.07 0
-4.50 4.51 -2.39 1
6.95 1.59 -4.43 1
3.87 7.89 2.42 1
-7.98 -6.60 1.21 0
-1.71 -5.70 3.93 0
4.37 5.55 -7.05 1
-7.59 -4.73 -7.52 0
-8.90 -8.23 9.09 0
0.50 -0.03 1.78 0
-2.07 -1.00 6.16 0
-8.97 -0.46 1.23 0
8.29 9.22 -1.63 1
2.58 6.06 -9.97 1
-7.23 1.74 -6.67 1
-4.45 -3.67 -1.58 0
7.19 -8.49 6.55 0
-7.05 -5.63 -3.92 0
-7.95 -7.22 1.77 0
2.16 9.22 -4.49 1
-1.70 -9.37 5.85 0
-5.92 -8.36 -9.61 1
-4.55 -4.69 0.05 0
2.10 0.93 9.01 0
5.38 3.49 3.81 1
-1.68 7.22 -2.04 1
-2.11 -1.34 -5.02 1
-1.59 -1.09 2.74 0
2.51 5.16 0.43 1
0.85 5.08 0.67 1
-4.60 8.76 -1.11 1
-2.00 -4.85 -0.35 0
7.93 7.20 8.66 1
-7.02 6.70 5.72 0
6.82 5.97 -7.84 1
6.66 8.47 1.48 1
3.19 -7.44 8.43 0
9.76 -8.16 1.03 0
0.81 1.06 -3.12 1
-6.43 -4.32 0.93 0
-2.59 9.05 1.56 1
-9.13 -8.17 -0.52 0
-7.92 3.27 -4.17 1
7.04 -9.06 1.14 0
1.93 8.79 -3.75 1
-8.89 -7.25 8.08 0
2.61 -8.89 -9.77 1
-9.67 7.41 2.76 0
-5.97 4.91 6.06 0
3.15 -6.57 4.34 0
-9.27 -9.37 9.47 0
7.65 6.34 -5.21 1
-3.42 -4.44 8.62 0
-7.87 6.05 -8.34 1
9.79 -4.09 8.12 0
-3.82 9.35 -9.01 1
3.44 -3.52 9.71 0
2.84 -9.72 2.17 0
9.45 3.43 9.36 0
1.55 -9.30 6.40 0
4.91 -8.99 -8.97 1
8.57 -2.79 9.23 0
-4.38 -4.16 -0.07 0
-5.99 0.47 7.57 0
-6.28 -8.93 3.86 0
5.53 6.30 1.60 1
-0.17 0.98 9.13 0
-2.18 -5.13 -3.41 0
0.72 4.58 7.13 0
-1.25 7.44 -1.01 1
-4.33 -9.90 -5.82 0
-0.34 7.10 2.23 1
-0.62 2.72 -3.74 1
-5.92 -8.77 -7.51 0
-1.53 2.85 5.66 0
-8.54 1.74 -8.84 1
-9.74 -3.71 9.30 0
6.69 3.00 -5.57 1
-5.11 -1.29 -0.22 0
9.45 -3.41 -0.45 1
-9.37 2.28 8.15 0
-1.31 -9.24 0.06 0
-8.48 -8.07 -0.21 0
-5.06 8.71 -1.11 1
-9.85 -9.13 -3.27 0
8.32 -6.20 -1.87 1
5.73 -7.37 5.66 0
2.59 6.75 -9.63 1
-8.74 9.34 -6.77 1
8.96 -3.20 -1.01 1
8.18 8.23 -9.97 1
-1.02 7.74 -9.87 1
-7.60 1.78 0.78 0
-0.27 -5.52 -2.58 0
4.45 -1.56 -0.46 1
8.65 5.77 1.58 1
-6.37 3.52 0.58 0
-0.70 -5.97 -7.44 1
-7.12 2.36 2.85 0
-4.53 0.02 -7.41 1
7.61 5.57 2.14 1
-8.60 6.42 9.65 0
-2.19 9.13 -8.26 1
-4.72 2.14 3.35 0
3.93 -1.95 8.54 0
-5.68 3.28 7.28 0
-9.32 2.67 7.70 0
0.16 7.31 5.84 0
1.95 -8.40 9.51 0
-2.49 4.10 9.89 0
-2.86 -2.59 -5.17 1
-3.44 9.19 -2.45 1
-3.80 3.31 1.70 0
5.51 7.79 -1.96 1
5.58 -4.86 -9.71 1
-2.14 7.16 1.06 1
9.08 -2.47 -5.76 1
-5.76 -5.99 -1.31 0
1.93 -6.97 -4.94 1
7.05 -5.99 -3.38 1
-1.48 -6.98 8.18 0
-4.20 -6.76 4.24 0
-3.78 -0.22 2.37 0
-2.03 4.05 -2.56 1
2.60 5.68 0.70 1
5.93 -0.43 -7.25 1
0.10 -9.33 -3.66 0
-8.12 5.10 6.70 0
-0.46 -9.15 -0.76 0
-6.47 -2.83 1.83 0
-1.35 -7.17 -8.56 1
-7.08 -6.48 -8.22 0
0.06 0.60 -3.10 1
3.41 -9.51 6.07 0
-2.99 -0.20 2.76 0
8.06 -1.46 -5.97 1
8.86 0.23 -1.71 1
2.19 8.98 1.85 1
-9.13 8.46 -1.34 1
-2.56 1.59 2.75 0
-5.66 -6.98 -5.00 0
3.07 -0.28 -5.49 1
-9.73 -6.93 -9.67 0
-2.71 7.35 -1.32 1
9.60 5.02 -8.44 1
-2.54 6.07 -9.61 1
-1.44 -0.88 -1.50 1
6.31 -3.72 -6.78 1
0.38 -3.66 1.05 0
-3.40 1.33 -7.34 1
-5.41 3.97 -4.51 1
3.36 4.50 6.52 0