1.13 2.89 
6.64 3.79 
4.78 6.24 
2.43 3.71 
5.72 5.62 
5.51 5.28 
4.34 7.86 
5.62 6.46 
5.74 2.40 
1.11 4.35 
5.93 0.91 
5.41 1.13 
5.22 8.78 
5.99 7.55 
8.15 1.14 
4.20 2.28 
6.54 4.58 
5.69 5.59 
3.47 3.97 
6.37 1.06 
6.58 0.00 
5.15 1.21 
6.71 4.81 
4.78 4.04 
1.14 4.64 
6.53 5.90 
4.71 4.14 
5.81 0.30 
3.72 0.36 
6.07 0.62 
5.29 1.44 
5.95 0.27 
1.79 5.68 
8.22 2.68 
4.03 5.95 
2.04 4.25 
2.18 3.59 
4.70 6.00 
6.16 4.99 
7.60 6.42 
7.06 0.98 
5.95 3.61 
7.97 4.23 
4.62 3.55 
4.67 5.27 
6.61 2.21 
6.13 3.97 
4.13 0.21 
4.83 4.55 
1.34 4.16 